0.0000 0.0000 0.0000 0.0000 0.0000 0.0000 0.0000 0.0000 0.0000 0.0000 0.0000 0.0000 0.0000 0.0000 0.0000 0.0000 0.0000 0.0000 0.0000 0.0000 0.0000 0.0000 0.0000 0.0000 0.0000 0.0000 0.0000 0.0000 0.0000 0.0000 0.0000 0.0000 0.0000 0.0000 0.0000 0.0000 0.0000 0.0000 0.0000 0.0000 0.0000 0.0000 0.0000 0.0000 0.0000 0.0000 0.0000 0.0000 0.0000 0.0000 0.0000 0.0000 0.0000 0.0000 0.0000 0.0000 0.0000 0.0000 0.0000 0.0000 0.0000 0.0000 0.0000 0.0000 0.0000 0.0000 0.0000 0.0000 0.0000 0.0000 0.0000 0.0000 0.0000 0.0000 0.0000 0.0000 0.0000 0.0000 0.0000 0.0000 0.0000 0.0000 0.0000 0.0000 0.0000 0.0000 0.0000 0.0000 0.0000 0.0000 0.0000 0.0000 0.0000 0.0000 0.0000 0.0000 0.0000 0.0000 0.0000 0.0000 0.0000 0.0000 0.0000 0.0000 0.0000 0.0000 0.0000 0.0000 
0.0000 0.0000 0.0000 0.0000 0.0000 0.0000 0.0000 0.0000 0.0000 0.0000 0.0000 0.0000 0.0000 0.0000 0.0000 0.0000 0.0000 0.0000 0.0000 0.0000 0.0000 0.0000 0.0000 0.0000 0.0000 0.0000 0.0000 0.0000 0.0000 0.0000 0.0000 0.0000 0.0000 0.0000 0.0000 0.0000 0.0000 0.0000 0.0000 0.0000 0.0000 0.0000 0.0000 0.0000 0.0000 0.0000 0.0000 0.0000 0.0000 0.0000 0.0000 0.0000 0.0000 0.0000 0.0000 0.0000 0.0000 0.0000 0.0000 0.0000 0.0000 0.0000 0.0000 0.0000 0.0000 0.0000 0.0000 0.0000 0.0000 0.0000 0.0000 0.0000 0.0000 0.0000 0.0000 0.0000 0.0000 0.0000 0.0000 0.0000 0.0000 0.0000 0.0000 0.0000 0.0000 0.0000 0.0000 0.0000 0.0000 0.0000 0.0000 0.0000 0.0000 0.0000 0.0000 0.0000 0.0000 0.0000 0.0000 0.0000 0.0000 0.0000 0.0000 0.0000 0.0000 0.0000 0.0000 0.0000 
0.0000 0.0000 0.0000 451.0000 2221.0000 325.0000 479.0000 319.0000 139.0000 11.0000 1029.0000 635.0000 134.0000 0.0000 0.0000 105.0000 547.0000 292.0000 3145.0000 488.0000 397.0000 1522.0000 722.0000 940.0000 399.0000 95.0000 0.0000 140.0000 1700.0000 149.0000 198.0000 410.0000 506.0000 572.0000 0.0000 13141.0000 20.0000 169.0000 5.0000 726.0000 2514.0000 0.0000 1382.0000 130.0000 72.0000 795.0000 155.0000 200.0000 1345.0000 1252.0000 15916.0000 348.0000 1976.0000 5.0000 40.0000 39.0000 0.0000 322.0000 123.0000 434.0000 123.0000 357.0000 157.0000 0.0000 4338.0000 45.0000 49.0000 0.0000 43.0000 25.0000 249.0000 82.0000 47.0000 3752.0000 2914.0000 4122.0000 357.0000 0.0000 273.0000 4.0000 422.0000 534.0000 92.0000 36.0000 299.0000 93.0000 314.0000 3721.0000 3904.0000 114.0000 502.0000 0.0000 1510.0000 636.0000 351.0000 1.0000 315.0000 5.0000 0.0000 193.0000 83.0000 200.0000 1541.0000 688.0000 130.0000 1.0000 11325.0000 61.0000 
0.0000 0.0000 451.0000 0.0000 0.0000 0.0000 0.0000 2128.0000 1.0000 2.0000 4553.0000 2675.0000 154.0000 0.0000 0.0000 1915.0000 0.0000 4.0000 1.0000 791.0000 461.0000 0.0000 0.0000 426.0000 0.0000 1.0000 16.0000 364.0000 100.0000 0.0000 6.0000 13.0000 17.0000 174.0000 0.0000 13316.0000 9.0000 81.0000 0.0000 294.0000 1629.0000 0.0000 0.0000 5.0000 14.0000 2542.0000 51.0000 102.0000 2665.0000 81.0000 0.0000 263.0000 1.0000 0.0000 0.0000 0.0000 0.0000 1.0000 0.0000 225.0000 2815.0000 1.0000 26.0000 0.0000 462.0000 2.0000 50.0000 0.0000 52.0000 0.0000 2.0000 427.0000 1.0000 4.0000 0.0000 37.0000 0.0000 0.0000 52.0000 0.0000 8.0000 553.0000 21.0000 0.0000 0.0000 2.0000 0.0000 1681.0000 2964.0000 9.0000 1.0000 0.0000 5.0000 0.0000 0.0000 0.0000 378.0000 5.0000 0.0000 49.0000 2.0000 10.0000 191.0000 511.0000 0.0000 0.0000 11240.0000 20.0000 
0.0000 0.0000 2221.0000 0.0000 0.0000 9253.0000 54.0000 446.0000 26.0000 0.0000 241.0000 36.0000 9.0000 0.0000 0.0000 40.0000 289.0000 113.0000 1024.0000 34.0000 0.0000 454.0000 3.0000 4.0000 68.0000 0.0000 0.0000 6.0000 1501.0000 30.0000 158.0000 2102.0000 0.0000 107.0000 0.0000 0.0000 2304.0000 0.0000 0.0000 2300.0000 27.0000 0.0000 25.0000 15.0000 0.0000 56.0000 38.0000 199.0000 0.0000 90.0000 188.0000 32.0000 0.0000 0.0000 0.0000 30.0000 0.0000 2.0000 49.0000 305.0000 19.0000 2644.0000 43.0000 0.0000 0.0000 0.0000 0.0000 0.0000 21.0000 0.0000 20.0000 67.0000 114.0000 1.0000 767.0000 1.0000 2453.0000 0.0000 41.0000 0.0000 5.0000 29.0000 1.0000 0.0000 1035.0000 0.0000 135.0000 194.0000 180.0000 36.0000 41.0000 0.0000 2333.0000 773.0000 129.0000 1.0000 95.0000 0.0000 0.0000 62.0000 186.0000 83.0000 30.0000 0.0000 13.0000 0.0000 0.0000 0.0000 
0.0000 0.0000 325.0000 0.0000 9253.0000 0.0000 9699.0000 9.0000 77.0000 0.0000 16.0000 26.0000 29.0000 0.0000 0.0000 1.0000 1.0000 3755.0000 0.0000 357.0000 144.0000 36.0000 921.0000 10.0000 111.0000 6.0000 0.0000 14.0000 1661.0000 33.0000 9400.0000 172.0000 400.0000 73.0000 0.0000 0.0000 0.0000 0.0000 0.0000 52.0000 102.0000 0.0000 1029.0000 78.0000 2.0000 1.0000 73.0000 9437.0000 0.0000 299.0000 1.0000 79.0000 0.0000 36.0000 0.0000 36.0000 0.0000 18.0000 0.0000 356.0000 1.0000 938.0000 124.0000 0.0000 9.0000 0.0000 0.0000 0.0000 14.0000 0.0000 5.0000 113.0000 1.0000 9414.0000 9538.0000 3974.0000 119.0000 0.0000 997.0000 0.0000 49.0000 554.0000 8.0000 0.0000 5.0000 9.0000 106.0000 1.0000 0.0000 13.0000 83.0000 0.0000 16.0000 758.0000 9503.0000 9653.0000 473.0000 0.0000 0.0000 118.0000 1052.0000 143.0000 228.0000 8.0000 17.0000 9.0000 0.0000 16.0000 
0.0000 0.0000 479.0000 0.0000 54.0000 9699.0000 0.0000 116.0000 2292.0000 137.0000 4.0000 824.0000 67.0000 0.0000 0.0000 49.0000 223.0000 3293.0000 4.0000 513.0000 239.0000 351.0000 902.0000 972.0000 200.0000 204.0000 0.0000 43.0000 1715.0000 65.0000 321.0000 171.0000 310.0000 258.0000 0.0000 0.0000 27.0000 0.0000 116.0000 241.0000 1537.0000 0.0000 7887.0000 337.0000 14.0000 51.0000 158.0000 219.0000 0.0000 1651.0000 15878.0000 220.0000 2291.0000 16.0000 37.0000 127.0000 0.0000 56.0000 82.0000 487.0000 175.0000 234.0000 159.0000 0.0000 4888.0000 0.0000 9.0000 0.0000 118.0000 11.0000 181.0000 217.0000 4.0000 4004.0000 2847.0000 3686.0000 301.0000 996.0000 520.0000 8.0000 175.0000 722.0000 70.0000 9.0000 57.0000 45.0000 284.0000 0.0000 4.0000 89.0000 684.0000 0.0000 164.0000 210.0000 272.0000 54.0000 522.0000 1.0000 0.0000 583.0000 165.0000 426.0000 802.0000 896.0000 373.0000 18.0000 4.0000 111.0000 
0.0000 0.0000 319.0000 2128.0000 446.0000 9.0000 116.0000 0.0000 26.0000 66.0000 1007.0000 1524.0000 141.0000 0.0000 1089.0000 1916.0000 792.0000 2.0000 0.0000 495.0000 546.0000 27.0000 50.0000 926.0000 18.0000 90.0000 1.0000 15.0000 47.0000 73.0000 68.0000 77.0000 391.0000 583.0000 650.0000 13124.0000 46.0000 202.0000 82.0000 269.0000 2542.0000 0.0000 0.0000 45.0000 39.0000 673.0000 83.0000 125.0000 1306.0000 1439.0000 15638.0000 280.0000 3189.0000 0.0000 198.0000 20.0000 0.0000 1.0000 154.0000 320.0000 2871.0000 35.0000 86.0000 0.0000 4774.0000 4.0000 249.0000 0.0000 62.0000 17.0000 46.0000 53.0000 73.0000 685.0000 2651.0000 3907.0000 34.0000 686.0000 113.0000 0.0000 40.0000 159.0000 42.0000 5.0000 34.0000 44.0000 89.0000 3142.0000 3845.0000 35.0000 91.0000 0.0000 29.0000 80.0000 19.0000 961.0000 56.0000 26.0000 0.0000 152.0000 22.0000 30.0000 1191.0000 850.0000 369.0000 361.0000 11149.0000 50.0000 
0.0000 0.0000 139.0000 1.0000 26.0000 77.0000 2292.0000 26.0000 0.0000 2.0000 0.0000 857.0000 23.0000 0.0000 0.0000 62.0000 23.0000 2147.0000 0.0000 2280.0000 1.0000 405.0000 872.0000 181.0000 699.0000 101.0000 703.0000 45.0000 10.0000 3.0000 750.0000 20.0000 3.0000 198.0000 0.0000 0.0000 6.0000 1.0000 0.0000 40.0000 4082.0000 50.0000 7688.0000 72.0000 9.0000 2.0000 29.0000 196.0000 0.0000 3580.0000 15626.0000 93.0000 1110.0000 3025.0000 2198.0000 10.0000 0.0000 7.0000 0.0000 103.0000 2141.0000 2231.0000 40.0000 0.0000 4905.0000 1.0000 11.0000 0.0000 80.0000 6.0000 2059.0000 24.0000 1.0000 9264.0000 2764.0000 0.0000 2058.0000 1329.0000 767.0000 0.0000 22.0000 31.0000 94.0000 3.0000 1.0000 1.0000 14.0000 0.0000 0.0000 40.0000 8.0000 0.0000 2048.0000 130.0000 2877.0000 1.0000 4.0000 1.0000 0.0000 1443.0000 148.0000 80.0000 476.0000 905.0000 28.0000 5.0000 0.0000 3.0000 
0.0000 0.0000 11.0000 2.0000 0.0000 0.0000 137.0000 66.0000 2.0000 0.0000 0.0000 158.0000 24.0000 0.0000 1156.0000 73.0000 369.0000 0.0000 0.0000 274.0000 500.0000 2.0000 9.0000 210.0000 50.0000 9.0000 54.0000 101.0000 9.0000 6.0000 6.0000 58.0000 66.0000 368.0000 0.0000 0.0000 713.0000 144.0000 676.0000 110.0000 1374.0000 4965.0000 113.0000 3.0000 1.0000 152.0000 23.0000 132.0000 0.0000 182.0000 0.0000 54.0000 438.0000 0.0000 82.0000 150.0000 0.0000 1.0000 340.0000 146.0000 29.0000 1.0000 223.0000 0.0000 103.0000 72.0000 225.0000 0.0000 226.0000 30.0000 148.0000 9.0000 4.0000 144.0000 149.0000 59.0000 250.0000 0.0000 153.0000 1.0000 5.0000 54.0000 10.0000 9.0000 154.0000 155.0000 144.0000 0.0000 0.0000 24.0000 0.0000 0.0000 13.0000 0.0000 1124.0000 0.0000 257.0000 203.0000 0.0000 135.0000 136.0000 195.0000 942.0000 62.0000 208.0000 409.0000 0.0000 21.0000 
0.0000 0.0000 1029.0000 4553.0000 241.0000 16.0000 4.0000 1007.0000 0.0000 0.0000 0.0000 1426.0000 311.0000 0.0000 0.0000 2133.0000 257.0000 25.0000 9.0000 84.0000 0.0000 289.0000 25.0000 1.0000 672.0000 0.0000 0.0000 336.0000 0.0000 10.0000 407.0000 845.0000 194.0000 1.0000 0.0000 8748.0000 1.0000 64.0000 0.0000 473.0000 577.0000 0.0000 0.0000 0.0000 13.0000 705.0000 585.0000 81.0000 6154.0000 367.0000 25.0000 1120.0000 0.0000 0.0000 0.0000 0.0000 0.0000 25.0000 64.0000 0.0000 2825.0000 814.0000 1176.0000 0.0000 1.0000 0.0000 36.0000 0.0000 226.0000 0.0000 824.0000 2.0000 289.0000 0.0000 14.0000 144.0000 687.0000 0.0000 546.0000 0.0000 531.0000 351.0000 65.0000 0.0000 1.0000 1.0000 353.0000 1768.0000 1659.0000 594.0000 720.0000 0.0000 153.0000 0.0000 451.0000 1.0000 289.0000 0.0000 0.0000 0.0000 125.0000 524.0000 9.0000 1.0000 0.0000 0.0000 6635.0000 2.0000 
0.0000 0.0000 635.0000 2675.0000 36.0000 26.0000 824.0000 1524.0000 857.0000 158.0000 1426.0000 0.0000 1074.0000 0.0000 1156.0000 1062.0000 439.0000 0.0000 3034.0000 1179.0000 500.0000 1522.0000 1.0000 1995.0000 18.0000 1286.0000 0.0000 833.0000 173.0000 806.0000 50.0000 66.0000 1741.0000 1342.0000 650.0000 11249.0000 705.0000 603.0000 104.0000 1076.0000 2138.0000 9.0000 1184.0000 1297.0000 1279.0000 325.0000 743.0000 1208.0000 3218.0000 2175.0000 0.0000 1016.0000 951.0000 1.0000 45.0000 17.0000 0.0000 691.0000 0.0000 1154.0000 1714.0000 45.0000 1426.0000 0.0000 4267.0000 1435.0000 1371.0000 0.0000 1576.0000 41.0000 12.0000 1654.0000 49.0000 0.0000 6.0000 3644.0000 31.0000 144.0000 1500.0000 2.0000 1483.0000 1943.0000 1428.0000 738.0000 42.0000 1672.0000 1.0000 1697.0000 2713.0000 1461.0000 145.0000 0.0000 2065.0000 0.0000 22.0000 1221.0000 1299.0000 16.0000 0.0000 831.0000 6.0000 758.0000 2259.0000 1433.0000 83.0000 406.0000 10816.0000 897.0000 
0.0000 0.0000 134.0000 154.0000 9.0000 29.0000 67.0000 141.0000 23.0000 24.0000 311.0000 1074.0000 0.0000 0.0000 1156.0000 1191.0000 367.0000 64.0000 16.0000 490.0000 354.0000 1669.0000 18.0000 913.0000 14.0000 293.0000 0.0000 27.0000 81.0000 36.0000 38.0000 15.0000 438.0000 1042.0000 529.0000 0.0000 101.0000 266.0000 1.0000 17.0000 369.0000 0.0000 8410.0000 194.0000 231.0000 475.0000 78.0000 239.0000 6749.0000 153.0000 0.0000 127.0000 2443.0000 0.0000 29.0000 4.0000 20.0000 10.0000 0.0000 286.0000 2002.0000 39.0000 131.0000 0.0000 449.0000 84.0000 249.0000 0.0000 219.0000 41.0000 19.0000 173.0000 1.0000 493.0000 91.0000 3407.0000 30.0000 361.0000 170.0000 14.0000 145.0000 657.0000 236.0000 23.0000 357.0000 206.0000 21.0000 49.0000 289.0000 94.0000 0.0000 0.0000 88.0000 0.0000 17.0000 169.0000 297.0000 13.0000 0.0000 155.0000 100.0000 49.0000 915.0000 204.0000 497.0000 459.0000 0.0000 134.0000 
0.0000 0.0000 0.0000 0.0000 0.0000 0.0000 0.0000 0.0000 0.0000 0.0000 0.0000 0.0000 0.0000 0.0000 0.0000 0.0000 0.0000 0.0000 0.0000 0.0000 9.0000 0.0000 0.0000 0.0000 0.0000 0.0000 0.0000 225.0000 0.0000 0.0000 0.0000 0.0000 0.0000 0.0000 0.0000 0.0000 0.0000 0.0000 0.0000 0.0000 0.0000 0.0000 0.0000 0.0000 196.0000 0.0000 8100.0000 7938.0000 0.0000 0.0000 0.0000 0.0000 0.0000 9.0000 0.0000 0.0000 3686.0000 0.0000 0.0000 0.0000 0.0000 196.0000 0.0000 0.0000 0.0000 0.0000 0.0000 0.0000 1.0000 0.0000 7937.0000 0.0000 0.0000 0.0000 0.0000 0.0000 8100.0000 0.0000 0.0000 0.0000 0.0000 0.0000 0.0000 0.0000 0.0000 0.0000 0.0000 0.0000 0.0000 0.0000 0.0000 0.0000 0.0000 0.0000 8162.0000 0.0000 0.0000 0.0000 0.0000 0.0000 146.0000 0.0000 1.0000 0.0000 0.0000 0.0000 0.0000 0.0000 
0.0000 0.0000 0.0000 0.0000 0.0000 0.0000 0.0000 1089.0000 0.0000 1156.0000 0.0000 1156.0000 1156.0000 0.0000 0.0000 1025.0000 4.0000 0.0000 0.0000 1024.0000 0.0000 0.0000 0.0000 0.0000 0.0000 0.0000 0.0000 0.0000 0.0000 1.0000 1156.0000 1156.0000 0.0000 5.0000 0.0000 0.0000 1157.0000 929.0000 0.0000 0.0000 1156.0000 0.0000 0.0000 0.0000 40.0000 0.0000 1156.0000 1040.0000 0.0000 1156.0000 0.0000 0.0000 289.0000 0.0000 0.0000 0.0000 1296.0000 0.0000 0.0000 0.0000 900.0000 0.0000 1156.0000 0.0000 9.0000 0.0000 1266.0000 0.0000 850.0000 1026.0000 0.0000 1156.0000 0.0000 0.0000 0.0000 0.0000 4.0000 0.0000 1.0000 1214.0000 0.0000 0.0000 0.0000 990.0000 0.0000 1156.0000 0.0000 0.0000 0.0000 8.0000 0.0000 0.0000 1156.0000 0.0000 0.0000 0.0000 0.0000 0.0000 0.0000 1164.0000 5.0000 0.0000 0.0000 0.0000 729.0000 556.0000 0.0000 1156.0000 
0.0000 0.0000 105.0000 1915.0000 40.0000 1.0000 49.0000 1916.0000 62.0000 73.0000 2133.0000 1062.0000 1191.0000 0.0000 1025.0000 0.0000 363.0000 0.0000 0.0000 2024.0000 226.0000 197.0000 45.0000 2875.0000 83.0000 2361.0000 0.0000 101.0000 1725.0000 95.0000 69.0000 23.0000 2014.0000 2564.0000 0.0000 0.0000 1892.0000 1617.0000 4.0000 32.0000 4350.0000 0.0000 81.0000 1867.0000 1744.0000 62.0000 122.0000 1222.0000 1849.0000 3197.0000 1.0000 789.0000 2086.0000 0.0000 196.0000 3.0000 0.0000 29.0000 0.0000 495.0000 156.0000 10.0000 1724.0000 0.0000 6691.0000 1780.0000 2451.0000 0.0000 1863.0000 257.0000 36.0000 1946.0000 13.0000 0.0000 16.0000 211.0000 37.0000 25.0000 1857.0000 185.0000 1765.0000 2524.0000 1957.0000 53.0000 25.0000 1897.0000 0.0000 0.0000 0.0000 1786.0000 81.0000 0.0000 72.0000 0.0000 18.0000 941.0000 503.0000 4.0000 0.0000 162.0000 94.0000 40.0000 2908.0000 2767.0000 341.0000 707.0000 0.0000 1883.0000 
0.0000 0.0000 547.0000 0.0000 289.0000 1.0000 223.0000 792.0000 23.0000 369.0000 257.0000 439.0000 367.0000 0.0000 4.0000 363.0000 0.0000 86.0000 0.0000 680.0000 33.0000 9.0000 4.0000 37.0000 278.0000 25.0000 0.0000 510.0000 552.0000 549.0000 268.0000 603.0000 428.0000 173.0000 6893.0000 0.0000 1.0000 4.0000 4.0000 165.0000 395.0000 0.0000 1.0000 406.0000 547.0000 142.0000 238.0000 4.0000 0.0000 671.0000 16160.0000 516.0000 1695.0000 0.0000 194.0000 30.0000 1160.0000 20.0000 85.0000 441.0000 22.0000 481.0000 647.0000 0.0000 325.0000 0.0000 1.0000 0.0000 362.0000 0.0000 392.0000 97.0000 19508.0000 3901.0000 2770.0000 138.0000 145.0000 196.0000 760.0000 0.0000 12.0000 357.0000 480.0000 0.0000 1047.0000 627.0000 276.0000 222.0000 196.0000 265.0000 65.0000 0.0000 600.0000 361.0000 289.0000 0.0000 201.0000 369.0000 0.0000 2.0000 86.0000 272.0000 713.0000 5.0000 947.0000 16.0000 36.0000 9.0000 
0.0000 0.0000 292.0000 4.0000 113.0000 3755.0000 3293.0000 2.0000 2147.0000 0.0000 25.0000 0.0000 64.0000 0.0000 0.0000 0.0000 86.0000 0.0000 0.0000 2.0000 0.0000 18.0000 927.0000 16.0000 29.0000 3967.0000 0.0000 72.0000 38.0000 1.0000 2765.0000 634.0000 9.0000 9.0000 0.0000 0.0000 189.0000 0.0000 0.0000 3727.0000 32.0000 0.0000 10.0000 4168.0000 0.0000 495.0000 3621.0000 29.0000 0.0000 318.0000 9.0000 179.0000 484.0000 3145.0000 4.0000 3742.0000 0.0000 5.0000 74.0000 4197.0000 1.0000 4083.0000 388.0000 0.0000 13.0000 0.0000 0.0000 0.0000 498.0000 0.0000 3737.0000 102.0000 136.0000 4183.0000 185.0000 37.0000 4108.0000 1430.0000 3956.0000 0.0000 4243.0000 4089.0000 4.0000 0.0000 10.0000 0.0000 417.0000 5.0000 1.0000 25.0000 3687.0000 0.0000 530.0000 520.0000 4323.0000 10.0000 4170.0000 0.0000 0.0000 658.0000 72.0000 3522.0000 557.0000 0.0000 4.0000 0.0000 0.0000 400.0000 
0.0000 0.0000 3145.0000 1.0000 1024.0000 0.0000 4.0000 0.0000 0.0000 0.0000 9.0000 3034.0000 16.0000 0.0000 0.0000 0.0000 0.0000 0.0000 0.0000 1.0000 144.0000 0.0000 0.0000 0.0000 0.0000 64.0000 25.0000 0.0000 0.0000 0.0000 0.0000 3159.0000 16.0000 3171.0000 49.0000 0.0000 260.0000 0.0000 0.0000 229.0000 4.0000 2116.0000 0.0000 145.0000 0.0000 5.0000 9.0000 0.0000 0.0000 0.0000 0.0000 49.0000 4.0000 0.0000 0.0000 0.0000 0.0000 1.0000 0.0000 4.0000 0.0000 206.0000 2.0000 0.0000 0.0000 0.0000 0.0000 0.0000 0.0000 0.0000 144.0000 82.0000 81.0000 0.0000 1.0000 0.0000 257.0000 0.0000 9.0000 4.0000 1.0000 4.0000 0.0000 0.0000 2766.0000 9.0000 0.0000 0.0000 16.0000 16.0000 0.0000 0.0000 564.0000 0.0000 148.0000 0.0000 1.0000 0.0000 0.0000 0.0000 0.0000 0.0000 0.0000 0.0000 121.0000 0.0000 0.0000 4.0000 
0.0000 0.0000 488.0000 791.0000 34.0000 357.0000 513.0000 495.0000 2280.0000 274.0000 84.0000 1179.0000 490.0000 0.0000 1024.0000 2024.0000 680.0000 2.0000 1.0000 0.0000 572.0000 290.0000 22.0000 1180.0000 26.0000 190.0000 20.0000 195.0000 176.0000 273.0000 443.0000 49.0000 550.0000 1207.0000 7050.0000 0.0000 230.0000 116.0000 36.0000 454.0000 2141.0000 3602.0000 23.0000 355.0000 632.0000 574.0000 458.0000 426.0000 4900.0000 1418.0000 0.0000 314.0000 2537.0000 1.0000 228.0000 134.0000 1.0000 126.0000 25.0000 398.0000 2810.0000 34.0000 610.0000 0.0000 4162.0000 196.0000 294.0000 0.0000 531.0000 82.0000 108.0000 548.0000 19098.0000 530.0000 30.0000 3067.0000 114.0000 6004.0000 709.0000 10.0000 598.0000 455.0000 472.0000 101.0000 51.0000 435.0000 31.0000 674.0000 326.0000 309.0000 650.0000 0.0000 504.0000 0.0000 30.0000 1378.0000 483.0000 23.0000 0.0000 882.0000 107.0000 312.0000 1230.0000 773.0000 289.0000 325.0000 4.0000 447.0000 
0.0000 0.0000 397.0000 461.0000 0.0000 144.0000 239.0000 546.0000 1.0000 500.0000 0.0000 500.0000 354.0000 9.0000 0.0000 226.0000 33.0000 0.0000 144.0000 572.0000 0.0000 416.0000 1.0000 1012.0000 4.0000 962.0000 0.0000 27.0000 0.0000 103.0000 470.0000 24.0000 539.0000 931.0000 0.0000 0.0000 10.0000 0.0000 0.0000 48.0000 2182.0000 0.0000 27.0000 208.0000 157.0000 2.0000 612.0000 251.0000 0.0000 1671.0000 0.0000 351.0000 714.0000 2.0000 438.0000 99.0000 0.0000 148.0000 0.0000 276.0000 293.0000 155.0000 349.0000 0.0000 4906.0000 0.0000 0.0000 0.0000 703.0000 0.0000 212.0000 816.0000 4.0000 442.0000 122.0000 2946.0000 266.0000 5362.0000 712.0000 100.0000 295.0000 381.0000 626.0000 0.0000 38.0000 303.0000 1.0000 0.0000 0.0000 302.0000 16.0000 0.0000 236.0000 0.0000 4.0000 245.0000 373.0000 8.0000 0.0000 402.0000 154.0000 54.0000 955.0000 1283.0000 462.0000 25.0000 4.0000 373.0000 
0.0000 0.0000 1522.0000 0.0000 454.0000 36.0000 351.0000 27.0000 405.0000 2.0000 289.0000 1522.0000 1669.0000 0.0000 0.0000 197.0000 9.0000 18.0000 0.0000 290.0000 416.0000 0.0000 481.0000 374.0000 1525.0000 125.0000 0.0000 364.0000 16.0000 0.0000 449.0000 235.0000 50.0000 1921.0000 0.0000 0.0000 73.0000 676.0000 0.0000 30.0000 22.0000 0.0000 8096.0000 325.0000 0.0000 482.0000 19.0000 1578.0000 0.0000 4.0000 15876.0000 25.0000 686.0000 3136.0000 194.0000 0.0000 0.0000 9.0000 0.0000 0.0000 1506.0000 333.0000 431.0000 0.0000 1.0000 0.0000 0.0000 0.0000 1835.0000 401.0000 409.0000 5.0000 4.0000 0.0000 2602.0000 9.0000 426.0000 36.0000 263.0000 400.0000 411.0000 11.0000 4.0000 1521.0000 17.0000 1522.0000 1527.0000 196.0000 197.0000 226.0000 9.0000 0.0000 1921.0000 145.0000 14.0000 0.0000 402.0000 1.0000 0.0000 1444.0000 1592.0000 236.0000 1991.0000 401.0000 325.0000 1453.0000 0.0000 0.0000 
0.0000 0.0000 722.0000 0.0000 3.0000 921.0000 902.0000 50.0000 872.0000 9.0000 25.0000 1.0000 18.0000 0.0000 0.0000 45.0000 4.0000 927.0000 0.0000 22.0000 1.0000 481.0000 0.0000 738.0000 191.0000 0.0000 0.0000 16.0000 64.0000 36.0000 330.0000 385.0000 145.0000 3.0000 0.0000 0.0000 4.0000 0.0000 0.0000 354.0000 887.0000 3721.0000 7827.0000 814.0000 0.0000 0.0000 10.0000 1041.0000 0.0000 525.0000 9.0000 918.0000 42.0000 85.0000 0.0000 5.0000 0.0000 833.0000 0.0000 178.0000 38.0000 896.0000 103.0000 0.0000 0.0000 0.0000 0.0000 0.0000 41.0000 2.0000 158.0000 86.0000 1.0000 3759.0000 1012.0000 0.0000 882.0000 5184.0000 312.0000 0.0000 857.0000 33.0000 3.0000 0.0000 0.0000 0.0000 1056.0000 8.0000 1.0000 36.0000 26.0000 0.0000 746.0000 121.0000 981.0000 963.0000 4.0000 0.0000 0.0000 49.0000 147.0000 1004.0000 804.0000 1.0000 0.0000 0.0000 0.0000 0.0000 
0.0000 0.0000 940.0000 426.0000 4.0000 10.0000 972.0000 926.0000 181.0000 210.0000 1.0000 1995.0000 913.0000 0.0000 0.0000 2875.0000 37.0000 16.0000 0.0000 1180.0000 1012.0000 374.0000 738.0000 0.0000 2.0000 5.0000 1.0000 112.0000 117.0000 63.0000 87.0000 159.0000 1050.0000 1416.0000 0.0000 0.0000 55.0000 64.0000 1.0000 58.0000 2241.0000 0.0000 7411.0000 137.0000 131.0000 13.0000 316.0000 478.0000 0.0000 1442.0000 0.0000 401.0000 833.0000 0.0000 28.0000 0.0000 0.0000 22.0000 0.0000 468.0000 2866.0000 27.0000 1031.0000 0.0000 3339.0000 186.0000 41.0000 0.0000 124.0000 5.0000 103.0000 922.0000 797.0000 14.0000 20.0000 271.0000 16.0000 5041.0000 78.0000 4.0000 219.0000 764.0000 948.0000 4.0000 11.0000 329.0000 14.0000 0.0000 4.0000 1052.0000 233.0000 0.0000 113.0000 0.0000 14.0000 9.0000 1334.0000 17.0000 0.0000 604.0000 109.0000 80.0000 380.0000 1133.0000 156.0000 0.0000 4.0000 1475.0000 
0.0000 0.0000 399.0000 0.0000 68.0000 111.0000 200.0000 18.0000 699.0000 50.0000 672.0000 18.0000 14.0000 0.0000 0.0000 83.0000 278.0000 29.0000 0.0000 26.0000 4.0000 1525.0000 191.0000 2.0000 0.0000 1.0000 1.0000 37.0000 1132.0000 98.0000 270.0000 198.0000 0.0000 6.0000 0.0000 11236.0000 33.0000 169.0000 1.0000 388.0000 47.0000 3721.0000 8842.0000 35.0000 0.0000 496.0000 100.0000 105.0000 1369.0000 327.0000 15867.0000 36.0000 498.0000 0.0000 2120.0000 12.0000 0.0000 10.0000 146.0000 287.0000 144.0000 127.0000 117.0000 0.0000 32.0000 9.0000 5.0000 0.0000 166.0000 1.0000 161.0000 142.0000 64.0000 6467.0000 3259.0000 0.0000 149.0000 814.0000 87.0000 0.0000 83.0000 72.0000 5.0000 2.0000 64.0000 2.0000 148.0000 2337.0000 2753.0000 73.0000 654.0000 0.0000 105.0000 746.0000 123.0000 144.0000 35.0000 2.0000 0.0000 246.0000 21.0000 74.0000 644.0000 6.0000 35.0000 2.0000 11076.0000 1.0000 
0.0000 0.0000 95.0000 1.0000 0.0000 6.0000 204.0000 90.0000 101.0000 9.0000 0.0000 1286.0000 293.0000 0.0000 0.0000 2361.0000 25.0000 3967.0000 64.0000 190.0000 962.0000 125.0000 0.0000 5.0000 1.0000 0.0000 0.0000 68.0000 137.0000 40.0000 211.0000 25.0000 897.0000 44.0000 0.0000 0.0000 10.0000 64.0000 4.0000 172.0000 147.0000 0.0000 7753.0000 30.0000 39.0000 9.0000 209.0000 86.0000 0.0000 686.0000 0.0000 229.0000 273.0000 49.0000 301.0000 21.0000 16.0000 65.0000 25.0000 136.0000 2761.0000 117.0000 735.0000 0.0000 68.0000 0.0000 36.0000 0.0000 643.0000 1.0000 80.0000 98.0000 0.0000 493.0000 49.0000 3997.0000 107.0000 326.0000 127.0000 36.0000 66.0000 253.0000 532.0000 0.0000 576.0000 715.0000 20.0000 0.0000 0.0000 156.0000 690.0000 0.0000 30.0000 0.0000 52.0000 144.0000 204.0000 0.0000 0.0000 90.0000 4.0000 71.0000 36.0000 6.0000 317.0000 16.0000 0.0000 99.0000 
0.0000 0.0000 0.0000 16.0000 0.0000 0.0000 0.0000 1.0000 703.0000 54.0000 0.0000 0.0000 0.0000 0.0000 0.0000 0.0000 0.0000 0.0000 25.0000 20.0000 0.0000 0.0000 0.0000 1.0000 1.0000 0.0000 0.0000 5.0000 0.0000 1.0000 1.0000 0.0000 0.0000 0.0000 0.0000 0.0000 245.0000 0.0000 38.0000 0.0000 1.0000 3295.0000 0.0000 0.0000 0.0000 25.0000 1.0000 0.0000 0.0000 0.0000 0.0000 0.0000 1.0000 0.0000 0.0000 0.0000 0.0000 1.0000 2019.0000 0.0000 0.0000 1.0000 16.0000 0.0000 0.0000 176.0000 0.0000 0.0000 0.0000 0.0000 0.0000 4.0000 0.0000 1.0000 121.0000 0.0000 0.0000 0.0000 17.0000 0.0000 4.0000 16.0000 1.0000 0.0000 0.0000 25.0000 0.0000 0.0000 0.0000 13.0000 0.0000 0.0000 0.0000 0.0000 11.0000 0.0000 0.0000 287.0000 0.0000 0.0000 0.0000 0.0000 0.0000 0.0000 0.0000 0.0000 0.0000 0.0000 
0.0000 0.0000 140.0000 364.0000 6.0000 14.0000 43.0000 15.0000 45.0000 101.0000 336.0000 833.0000 27.0000 225.0000 0.0000 101.0000 510.0000 72.0000 0.0000 195.0000 27.0000 364.0000 16.0000 112.0000 37.0000 68.0000 5.0000 0.0000 114.0000 39.0000 195.0000 192.0000 64.0000 928.0000 0.0000 0.0000 67.0000 0.0000 0.0000 62.0000 1211.0000 0.0000 34.0000 118.0000 219.0000 326.0000 47.0000 202.0000 0.0000 1139.0000 13.0000 26.0000 22.0000 3031.0000 100.0000 5.0000 1297.0000 8.0000 5.0000 301.0000 52.0000 115.0000 93.0000 0.0000 4510.0000 14.0000 1.0000 0.0000 73.0000 4.0000 118.0000 71.0000 15.0000 42.0000 35.0000 18.0000 136.0000 121.0000 72.0000 4.0000 77.0000 42.0000 43.0000 1.0000 19.0000 18.0000 52.0000 182.0000 287.0000 49.0000 510.0000 0.0000 21.0000 676.0000 162.0000 1363.0000 34.0000 19.0000 0.0000 95.0000 249.0000 97.0000 1077.0000 751.0000 6.0000 36.0000 225.0000 19.0000 
0.0000 0.0000 1700.0000 100.0000 1501.0000 1661.0000 1715.0000 47.0000 10.0000 9.0000 0.0000 173.0000 81.0000 0.0000 0.0000 1725.0000 552.0000 38.0000 0.0000 176.0000 0.0000 16.0000 64.0000 117.0000 1132.0000 137.0000 0.0000 114.0000 0.0000 1662.0000 1706.0000 1474.0000 37.0000 295.0000 0.0000 0.0000 5.0000 0.0000 9.0000 1721.0000 198.0000 0.0000 0.0000 211.0000 91.0000 1664.0000 1611.0000 1721.0000 0.0000 26.0000 16444.0000 191.0000 2116.0000 0.0000 5.0000 45.0000 0.0000 0.0000 130.0000 1698.0000 1778.0000 1759.0000 1701.0000 0.0000 1.0000 0.0000 4.0000 0.0000 1680.0000 0.0000 1684.0000 1676.0000 143.0000 121.0000 3745.0000 49.0000 1684.0000 0.0000 1596.0000 0.0000 1566.0000 1648.0000 275.0000 0.0000 1639.0000 10.0000 1845.0000 0.0000 4.0000 1719.0000 227.0000 0.0000 1868.0000 2131.0000 1704.0000 0.0000 1117.0000 16.0000 0.0000 350.0000 1235.0000 1606.0000 2462.0000 26.0000 1387.0000 0.0000 0.0000 177.0000 
0.0000 0.0000 149.0000 0.0000 30.0000 33.0000 65.0000 73.0000 3.0000 6.0000 10.0000 806.0000 36.0000 0.0000 1.0000 95.0000 549.0000 1.0000 0.0000 273.0000 103.0000 0.0000 36.0000 63.0000 98.0000 40.0000 1.0000 39.0000 1662.0000 0.0000 58.0000 60.0000 324.0000 645.0000 0.0000 0.0000 9.0000 144.0000 81.0000 53.0000 382.0000 0.0000 0.0000 108.0000 73.0000 2.0000 119.0000 47.0000 0.0000 85.0000 11.0000 54.0000 2604.0000 0.0000 5.0000 38.0000 1336.0000 4.0000 0.0000 342.0000 92.0000 27.0000 44.0000 0.0000 371.0000 1.0000 12.0000 0.0000 109.0000 25.0000 18.0000 92.0000 46.0000 676.0000 43.0000 3541.0000 21.0000 780.0000 98.0000 1.0000 119.0000 63.0000 118.0000 1.0000 61.0000 42.0000 38.0000 0.0000 0.0000 122.0000 5.0000 0.0000 62.0000 41.0000 41.0000 144.0000 218.0000 8.0000 0.0000 372.0000 67.0000 46.0000 905.0000 162.0000 179.0000 36.0000 0.0000 45.0000 
0.0000 0.0000 198.0000 6.0000 158.0000 9400.0000 321.0000 68.0000 750.0000 6.0000 407.0000 50.0000 38.0000 0.0000 1156.0000 69.0000 268.0000 2765.0000 0.0000 443.0000 470.0000 449.0000 330.0000 87.0000 270.0000 211.0000 1.0000 195.0000 1706.0000 58.0000 0.0000 55.0000 308.0000 664.0000 0.0000 0.0000 105.0000 144.0000 1.0000 259.0000 288.0000 0.0000 25.0000 450.0000 16.0000 866.0000 387.0000 215.0000 5525.0000 161.0000 14288.0000 274.0000 2460.0000 0.0000 28.0000 279.0000 0.0000 25.0000 150.0000 566.0000 314.0000 452.0000 213.0000 0.0000 0.0000 0.0000 225.0000 0.0000 251.0000 25.0000 216.0000 167.0000 229.0000 183.0000 2417.0000 3444.0000 380.0000 85.0000 447.0000 1.0000 448.0000 744.0000 202.0000 9.0000 238.0000 13.0000 288.0000 889.0000 610.0000 225.0000 751.0000 0.0000 249.0000 532.0000 481.0000 5.0000 799.0000 55.0000 0.0000 80.0000 404.0000 380.0000 194.0000 23.0000 580.0000 400.0000 229.0000 100.0000 
0.0000 0.0000 410.0000 13.0000 2102.0000 172.0000 171.0000 77.0000 20.0000 58.0000 845.0000 66.0000 15.0000 0.0000 1156.0000 23.0000 603.0000 634.0000 3159.0000 49.0000 24.0000 235.0000 385.0000 159.0000 198.0000 25.0000 0.0000 192.0000 1474.0000 60.0000 55.0000 0.0000 87.0000 179.0000 0.0000 12497.0000 86.0000 144.0000 0.0000 456.0000 1182.0000 0.0000 59.0000 187.0000 4.0000 1030.0000 194.0000 43.0000 6615.0000 1498.0000 115.0000 218.0000 882.0000 0.0000 27.0000 28.0000 0.0000 14.0000 226.0000 263.0000 205.0000 411.0000 277.0000 0.0000 4227.0000 4.0000 225.0000 0.0000 303.0000 26.0000 52.0000 27.0000 326.0000 631.0000 230.0000 9.0000 150.0000 726.0000 216.0000 1.0000 598.0000 52.0000 171.0000 9.0000 432.0000 5.0000 551.0000 3571.0000 3881.0000 179.0000 2474.0000 0.0000 1562.0000 19.0000 573.0000 1116.0000 211.0000 0.0000 0.0000 18.0000 187.0000 296.0000 1131.0000 676.0000 384.0000 400.0000 11193.0000 405.0000 
0.0000 0.0000 506.0000 17.0000 0.0000 400.0000 310.0000 391.0000 3.0000 66.0000 194.0000 1741.0000 438.0000 0.0000 0.0000 2014.0000 428.0000 9.0000 16.0000 550.0000 539.0000 50.0000 145.0000 1050.0000 0.0000 897.0000 0.0000 64.0000 37.0000 324.0000 308.0000 87.0000 0.0000 1128.0000 650.0000 0.0000 17.0000 81.0000 100.0000 125.0000 1763.0000 0.0000 178.0000 423.0000 72.0000 92.0000 279.0000 110.0000 0.0000 1727.0000 0.0000 284.0000 717.0000 17.0000 659.0000 324.0000 0.0000 34.0000 0.0000 431.0000 3383.0000 166.0000 397.0000 0.0000 4816.0000 6.0000 50.0000 0.0000 518.0000 4.0000 28.0000 523.0000 33.0000 144.0000 153.0000 1946.0000 522.0000 3755.0000 515.0000 4.0000 535.0000 578.0000 177.0000 0.0000 65.0000 408.0000 139.0000 0.0000 25.0000 71.0000 26.0000 0.0000 576.0000 0.0000 138.0000 1109.0000 395.0000 37.0000 0.0000 339.0000 87.0000 196.0000 1443.0000 1196.0000 524.0000 1.0000 0.0000 481.0000 
0.0000 0.0000 572.0000 174.0000 107.0000 73.0000 258.0000 583.0000 198.0000 368.0000 1.0000 1342.0000 1042.0000 0.0000 5.0000 2564.0000 173.0000 9.0000 3171.0000 1207.0000 931.0000 1921.0000 3.0000 1416.0000 6.0000 44.0000 0.0000 928.0000 295.0000 645.0000 664.0000 179.0000 1128.0000 0.0000 361.0000 0.0000 14.0000 388.0000 1.0000 237.0000 3435.0000 0.0000 1245.0000 852.0000 684.0000 741.0000 1137.0000 1546.0000 0.0000 1465.0000 9.0000 827.0000 3057.0000 0.0000 268.0000 11.0000 1261.0000 520.0000 25.0000 1024.0000 3175.0000 40.0000 1334.0000 0.0000 5592.0000 172.0000 230.0000 0.0000 1152.0000 41.0000 91.0000 343.0000 11.0000 0.0000 9.0000 4293.0000 60.0000 5373.0000 650.0000 0.0000 254.0000 1709.0000 422.0000 169.0000 1271.0000 1171.0000 8.0000 0.0000 0.0000 452.0000 704.0000 0.0000 2252.0000 605.0000 45.0000 1045.0000 574.0000 1.0000 0.0000 1248.0000 153.0000 229.0000 1037.0000 1135.0000 496.0000 36.0000 0.0000 33.0000 
0.0000 0.0000 0.0000 0.0000 0.0000 0.0000 0.0000 650.0000 0.0000 0.0000 0.0000 650.0000 529.0000 0.0000 0.0000 0.0000 6893.0000 0.0000 49.0000 7050.0000 0.0000 0.0000 0.0000 0.0000 0.0000 0.0000 0.0000 0.0000 0.0000 0.0000 0.0000 0.0000 650.0000 361.0000 0.0000 0.0000 0.0000 0.0000 0.0000 0.0000 121.0000 0.0000 0.0000 361.0000 0.0000 0.0000 0.0000 0.0000 0.0000 121.0000 0.0000 121.0000 0.0000 0.0000 0.0000 0.0000 0.0000 0.0000 0.0000 100.0000 0.0000 0.0000 7374.0000 0.0000 0.0000 0.0000 0.0000 0.0000 0.0000 0.0000 361.0000 6585.0000 3669.0000 0.0000 5776.0000 0.0000 0.0000 0.0000 0.0000 0.0000 0.0000 484.0000 529.0000 0.0000 482.0000 81.0000 0.0000 0.0000 0.0000 6824.0000 0.0000 0.0000 289.0000 0.0000 361.0000 0.0000 0.0000 0.0000 0.0000 0.0000 0.0000 0.0000 377.0000 0.0000 7058.0000 0.0000 0.0000 529.0000 
0.0000 0.0000 13141.0000 13316.0000 0.0000 0.0000 0.0000 13124.0000 0.0000 0.0000 8748.0000 11249.0000 0.0000 0.0000 0.0000 0.0000 0.0000 0.0000 0.0000 0.0000 0.0000 0.0000 0.0000 0.0000 11236.0000 0.0000 0.0000 0.0000 0.0000 0.0000 0.0000 12497.0000 0.0000 0.0000 0.0000 0.0000 0.0000 0.0000 0.0000 10037.0000 11236.0000 0.0000 0.0000 0.0000 0.0000 9049.0000 11236.0000 0.0000 6282.0000 0.0000 0.0000 11025.0000 0.0000 0.0000 0.0000 0.0000 0.0000 0.0000 0.0000 0.0000 2401.0000 13445.0000 13637.0000 0.0000 0.0000 0.0000 0.0000 0.0000 0.0000 0.0000 11025.0000 0.0000 0.0000 0.0000 0.0000 0.0000 11236.0000 0.0000 0.0000 0.0000 11025.0000 0.0000 0.0000 0.0000 0.0000 0.0000 0.0000 4325.0000 3541.0000 11025.0000 11236.0000 0.0000 0.0000 0.0000 2304.0000 0.0000 0.0000 0.0000 0.0000 0.0000 0.0000 2209.0000 0.0000 0.0000 0.0000 0.0000 1028.0000 0.0000 
0.0000 0.0000 20.0000 9.0000 2304.0000 0.0000 27.0000 46.0000 6.0000 713.0000 1.0000 705.0000 101.0000 0.0000 1157.0000 1892.0000 1.0000 189.0000 260.0000 230.0000 10.0000 73.0000 4.0000 55.0000 33.0000 10.0000 245.0000 67.0000 5.0000 9.0000 105.0000 86.0000 17.0000 14.0000 0.0000 0.0000 0.0000 759.0000 4.0000 80.0000 8.0000 7730.0000 27.0000 2.0000 9.0000 43.0000 20.0000 112.0000 0.0000 27.0000 15129.0000 408.0000 386.0000 0.0000 4.0000 49.0000 0.0000 36.0000 0.0000 14.0000 2861.0000 39.0000 138.0000 0.0000 0.0000 11.0000 1276.0000 0.0000 103.0000 1121.0000 27.0000 19.0000 9.0000 170.0000 2477.0000 14.0000 112.0000 16.0000 133.0000 3170.0000 9.0000 37.0000 0.0000 49.0000 269.0000 74.0000 24.0000 0.0000 0.0000 23.0000 1.0000 0.0000 38.0000 81.0000 2511.0000 9.0000 52.0000 136.0000 0.0000 22.0000 41.0000 120.0000 163.0000 10.0000 107.0000 825.0000 0.0000 418.0000 
0.0000 0.0000 169.0000 81.0000 0.0000 0.0000 0.0000 202.0000 1.0000 144.0000 64.0000 603.0000 266.0000 0.0000 929.0000 1617.0000 4.0000 0.0000 0.0000 116.0000 0.0000 676.0000 0.0000 64.0000 169.0000 64.0000 0.0000 0.0000 0.0000 144.0000 144.0000 144.0000 81.0000 388.0000 0.0000 0.0000 759.0000 0.0000 0.0000 0.0000 193.0000 4.0000 445.0000 64.0000 241.0000 0.0000 148.0000 787.0000 0.0000 225.0000 0.0000 113.0000 89.0000 1.0000 0.0000 0.0000 1296.0000 0.0000 0.0000 0.0000 2185.0000 4.0000 180.0000 0.0000 90.0000 64.0000 403.0000 0.0000 516.0000 470.0000 0.0000 225.0000 0.0000 0.0000 0.0000 0.0000 169.0000 0.0000 164.0000 2326.0000 49.0000 81.0000 81.0000 709.0000 0.0000 394.0000 169.0000 0.0000 0.0000 241.0000 0.0000 161.0000 313.0000 0.0000 0.0000 0.0000 0.0000 0.0000 0.0000 713.0000 339.0000 1.0000 194.0000 85.0000 25.0000 269.0000 0.0000 225.0000 
0.0000 0.0000 5.0000 0.0000 0.0000 0.0000 116.0000 82.0000 0.0000 676.0000 0.0000 104.0000 1.0000 0.0000 0.0000 4.0000 4.0000 0.0000 0.0000 36.0000 0.0000 0.0000 0.0000 1.0000 1.0000 4.0000 38.0000 0.0000 9.0000 81.0000 1.0000 0.0000 100.0000 1.0000 0.0000 0.0000 4.0000 0.0000 0.0000 0.0000 0.0000 0.0000 0.0000 0.0000 81.0000 100.0000 101.0000 0.0000 0.0000 101.0000 0.0000 100.0000 0.0000 0.0000 0.0000 101.0000 0.0000 0.0000 2208.0000 0.0000 5.0000 100.0000 1.0000 0.0000 0.0000 29.0000 0.0000 0.0000 4.0000 4.0000 0.0000 4.0000 100.0000 0.0000 1.0000 64.0000 1.0000 0.0000 126.0000 0.0000 4.0000 40.0000 81.0000 0.0000 100.0000 104.0000 1.0000 0.0000 0.0000 82.0000 0.0000 0.0000 0.0000 0.0000 0.0000 0.0000 69.0000 623.0000 0.0000 49.0000 0.0000 1.0000 0.0000 0.0000 0.0000 0.0000 0.0000 53.0000 
0.0000 0.0000 726.0000 294.0000 2300.0000 52.0000 241.0000 269.0000 40.0000 110.0000 473.0000 1076.0000 17.0000 0.0000 0.0000 32.0000 165.0000 3727.0000 229.0000 454.0000 48.0000 30.0000 354.0000 58.0000 388.0000 172.0000 0.0000 62.0000 1721.0000 53.0000 259.0000 456.0000 125.0000 237.0000 0.0000 10037.0000 80.0000 0.0000 0.0000 0.0000 603.0000 0.0000 7591.0000 36.0000 27.0000 847.0000 368.0000 43.0000 5649.0000 286.0000 16081.0000 307.0000 1099.0000 0.0000 2237.0000 21.0000 0.0000 17.0000 20.0000 358.0000 49.0000 397.0000 351.0000 0.0000 400.0000 1.0000 1.0000 0.0000 11.0000 26.0000 350.0000 112.0000 47.0000 3533.0000 2720.0000 141.0000 412.0000 5621.0000 181.0000 0.0000 335.0000 607.0000 74.0000 2.0000 237.0000 1.0000 111.0000 2777.0000 2729.0000 302.0000 864.0000 0.0000 87.0000 543.0000 109.0000 146.0000 417.0000 14.0000 0.0000 79.0000 72.0000 121.0000 308.0000 131.0000 347.0000 0.0000 8000.0000 38.0000 
0.0000 0.0000 2514.0000 1629.0000 27.0000 102.0000 1537.0000 2542.0000 4082.0000 1374.0000 577.0000 2138.0000 369.0000 0.0000 1156.0000 4350.0000 395.0000 32.0000 4.0000 2141.0000 2182.0000 22.0000 887.0000 2241.0000 47.0000 147.0000 1.0000 1211.0000 198.0000 382.0000 288.0000 1182.0000 1763.0000 3435.0000 121.0000 11236.0000 8.0000 193.0000 0.0000 603.0000 0.0000 0.0000 26.0000 1148.0000 1741.0000 330.0000 2563.0000 2819.0000 1369.0000 1378.0000 15803.0000 1592.0000 381.0000 16.0000 52.0000 20.0000 26.0000 285.0000 0.0000 1806.0000 4316.0000 69.0000 2546.0000 0.0000 1901.0000 1346.0000 543.0000 0.0000 1618.0000 25.0000 12.0000 1712.0000 67.0000 4.0000 3159.0000 5490.0000 112.0000 845.0000 396.0000 5.0000 1460.0000 2873.0000 1556.0000 265.0000 22.0000 2731.0000 24.0000 1681.0000 2704.0000 2603.0000 1199.0000 0.0000 1115.0000 919.0000 82.0000 961.0000 3026.0000 2.0000 0.0000 2691.0000 7.0000 284.0000 2134.0000 992.0000 341.0000 405.0000 10816.0000 2346.0000 
0.0000 0.0000 0.0000 0.0000 0.0000 0.0000 0.0000 0.0000 50.0000 4965.0000 0.0000 9.0000 0.0000 0.0000 0.0000 0.0000 0.0000 0.0000 2116.0000 3602.0000 0.0000 0.0000 3721.0000 0.0000 3721.0000 0.0000 3295.0000 0.0000 0.0000 0.0000 0.0000 0.0000 0.0000 0.0000 0.0000 0.0000 7730.0000 4.0000 0.0000 0.0000 0.0000 0.0000 3380.0000 0.0000 0.0000 2116.0000 0.0000 0.0000 0.0000 0.0000 0.0000 100.0000 0.0000 0.0000 0.0000 0.0000 0.0000 0.0000 0.0000 0.0000 3600.0000 0.0000 0.0000 0.0000 0.0000 2305.0000 16.0000 0.0000 0.0000 0.0000 4.0000 0.0000 0.0000 0.0000 0.0000 0.0000 0.0000 0.0000 0.0000 0.0000 0.0000 0.0000 0.0000 0.0000 0.0000 0.0000 0.0000 0.0000 0.0000 0.0000 0.0000 0.0000 3721.0000 0.0000 1936.0000 0.0000 0.0000 0.0000 0.0000 0.0000 3721.0000 1.0000 0.0000 3600.0000 0.0000 0.0000 0.0000 0.0000 
0.0000 0.0000 1382.0000 0.0000 25.0000 1029.0000 7887.0000 0.0000 7688.0000 113.0000 0.0000 1184.0000 8410.0000 0.0000 0.0000 81.0000 1.0000 10.0000 0.0000 23.0000 27.0000 8096.0000 7827.0000 7411.0000 8842.0000 7753.0000 0.0000 34.0000 0.0000 0.0000 25.0000 59.0000 178.0000 1245.0000 0.0000 0.0000 27.0000 445.0000 0.0000 7591.0000 26.0000 3380.0000 0.0000 7838.0000 0.0000 75.0000 7766.0000 8692.0000 0.0000 7913.0000 0.0000 45.0000 26.0000 0.0000 0.0000 0.0000 0.0000 9.0000 1.0000 0.0000 7926.0000 7666.0000 7490.0000 0.0000 0.0000 4.0000 7744.0000 0.0000 8927.0000 7694.0000 123.0000 9.0000 9.0000 7865.0000 4.0000 25.0000 25.0000 5193.0000 7611.0000 25.0000 7369.0000 9.0000 9.0000 8902.0000 5.0000 1228.0000 8715.0000 64.0000 0.0000 126.0000 0.0000 0.0000 1208.0000 0.0000 7861.0000 225.0000 75.0000 0.0000 0.0000 1153.0000 9058.0000 7757.0000 1170.0000 29.0000 25.0000 1114.0000 4.0000 0.0000 
0.0000 0.0000 130.0000 5.0000 15.0000 78.0000 337.0000 45.0000 72.0000 3.0000 0.0000 1297.0000 194.0000 0.0000 0.0000 1867.0000 406.0000 4168.0000 145.0000 355.0000 208.0000 325.0000 814.0000 137.0000 35.0000 30.0000 0.0000 118.0000 211.0000 108.0000 450.0000 187.0000 423.0000 852.0000 361.0000 0.0000 2.0000 64.0000 0.0000 36.0000 1148.0000 0.0000 7838.0000 0.0000 36.0000 129.0000 218.0000 354.0000 0.0000 1199.0000 863.0000 255.0000 2342.0000 3137.0000 26.0000 15.0000 1.0000 23.0000 25.0000 262.0000 2753.0000 52.0000 324.0000 0.0000 4324.0000 20.0000 45.0000 0.0000 105.0000 10.0000 21.0000 111.0000 96.0000 3747.0000 749.0000 4104.0000 102.0000 290.0000 163.0000 4.0000 66.0000 156.0000 34.0000 4.0000 125.0000 130.0000 44.0000 0.0000 0.0000 132.0000 738.0000 0.0000 116.0000 606.0000 95.0000 2.0000 53.0000 0.0000 0.0000 162.0000 134.0000 101.0000 277.0000 668.0000 175.0000 4.0000 0.0000 21.0000 
0.0000 0.0000 72.0000 14.0000 0.0000 2.0000 14.0000 39.0000 9.0000 1.0000 13.0000 1279.0000 231.0000 196.0000 40.0000 1744.0000 547.0000 0.0000 0.0000 632.0000 157.0000 0.0000 0.0000 131.0000 0.0000 39.0000 0.0000 219.0000 91.0000 73.0000 16.0000 4.0000 72.0000 684.0000 0.0000 0.0000 9.0000 241.0000 81.0000 27.0000 1741.0000 0.0000 0.0000 36.0000 0.0000 198.0000 258.0000 342.0000 0.0000 54.0000 0.0000 196.0000 2409.0000 0.0000 161.0000 3.0000 937.0000 54.0000 0.0000 385.0000 2528.0000 1.0000 223.0000 0.0000 530.0000 9.0000 59.0000 0.0000 186.0000 36.0000 4.0000 72.0000 9.0000 0.0000 0.0000 136.0000 0.0000 0.0000 50.0000 0.0000 14.0000 721.0000 36.0000 4.0000 210.0000 198.0000 0.0000 4.0000 0.0000 35.0000 49.0000 0.0000 201.0000 0.0000 1.0000 147.0000 305.0000 36.0000 0.0000 220.0000 38.0000 12.0000 995.0000 176.0000 171.0000 1.0000 0.0000 31.0000 
