0.0000 0.0000 0.0000 0.0000 0.0000 0.0000 0.0000 0.0000 0.0000 0.0000 0.0000 0.0000 0.0000 0.0000 0.0000 0.0000 0.0000 0.0000 0.0000 0.0000 0.0000 0.0000 0.0000 0.0000 0.0000 0.0000 0.0000 0.0000 0.0000 0.0000 0.0000 0.0000 0.0000 0.0000 0.0000 0.0000 0.0000 0.0000 0.0000 0.0000 0.0000 0.0000 0.0000 0.0000 0.0000 0.0000 0.0000 0.0000 0.0000 0.0000 0.0000 0.0000 0.0000 0.0000 0.0000 0.0000 0.0000 0.0000 0.0000 0.0000 0.0000 0.0000 0.0000 0.0000 0.0000 0.0000 0.0000 0.0000 0.0000 0.0000 0.0000 0.0000 0.0000 0.0000 0.0000 0.0000 0.0000 0.0000 0.0000 0.0000 0.0000 0.0000 0.0000 0.0000 0.0000 0.0000 0.0000 0.0000 0.0000 0.0000 0.0000 0.0000 0.0000 0.0000 0.0000 0.0000 0.0000 0.0000 0.0000 0.0000 0.0000 0.0000 0.0000 0.0000 0.0000 0.0000 0.0000 0.0000 
0.0000 0.0000 0.0000 0.0000 0.0000 0.0000 0.0000 0.0000 0.0000 0.0000 0.0000 0.0000 0.0000 0.0000 0.0000 0.0000 0.0000 0.0000 0.0000 0.0000 0.0000 0.0000 0.0000 0.0000 0.0000 0.0000 0.0000 0.0000 0.0000 0.0000 0.0000 0.0000 0.0000 0.0000 0.0000 0.0000 0.0000 0.0000 0.0000 0.0000 0.0000 0.0000 0.0000 0.0000 0.0000 0.0000 0.0000 0.0000 0.0000 0.0000 0.0000 0.0000 0.0000 0.0000 0.0000 0.0000 0.0000 0.0000 0.0000 0.0000 0.0000 0.0000 0.0000 0.0000 0.0000 0.0000 0.0000 0.0000 0.0000 0.0000 0.0000 0.0000 0.0000 0.0000 0.0000 0.0000 0.0000 0.0000 0.0000 0.0000 0.0000 0.0000 0.0000 0.0000 0.0000 0.0000 0.0000 0.0000 0.0000 0.0000 0.0000 0.0000 0.0000 0.0000 0.0000 0.0000 0.0000 0.0000 0.0000 0.0000 0.0000 0.0000 0.0000 0.0000 0.0000 0.0000 0.0000 0.0000 
0.0000 0.0000 1.0000 0.0022 0.0005 0.0031 0.0021 0.0031 0.0071 0.0833 0.0010 0.0016 0.0074 0.0000 0.0000 0.0094 0.0018 0.0034 0.0003 0.0020 0.0025 0.0007 0.0014 0.0011 0.0025 0.0104 1.0000 0.0071 0.0006 0.0067 0.0050 0.0024 0.0020 0.0017 0.0000 0.0001 0.0476 0.0059 0.1667 0.0014 0.0004 0.0000 0.0007 0.0076 0.0137 0.0013 0.0064 0.0050 0.0007 0.0008 0.0001 0.0029 0.0005 0.1667 0.0244 0.0250 0.0000 0.0031 0.0081 0.0023 0.0081 0.0028 0.0063 0.0000 0.0002 0.0217 0.0200 0.0000 0.0227 0.0385 0.0040 0.0120 0.0208 0.0003 0.0003 0.0002 0.0028 0.0000 0.0036 0.2000 0.0024 0.0019 0.0108 0.0270 0.0033 0.0106 0.0032 0.0003 0.0003 0.0087 0.0020 0.0000 0.0007 0.0016 0.0028 0.5000 0.0032 0.1667 0.0000 0.0052 0.0119 0.0050 0.0006 0.0015 0.0076 0.5000 0.0001 0.0161 
0.0000 0.0000 0.0022 1.0000 0.0000 1.0000 1.0000 0.0005 0.5000 0.3333 0.0002 0.0004 0.0065 0.0000 0.0000 0.0005 0.0000 0.2000 0.5000 0.0013 0.0022 0.0000 0.0000 0.0023 1.0000 0.5000 0.0588 0.0027 0.0099 1.0000 0.1429 0.0714 0.0556 0.0057 0.0000 0.0001 0.1000 0.0122 0.0000 0.0034 0.0006 0.0000 1.0000 0.1667 0.0667 0.0004 0.0192 0.0097 0.0004 0.0122 0.0000 0.0038 0.5000 0.0000 0.0000 0.0000 0.0000 0.5000 0.0000 0.0044 0.0004 0.5000 0.0370 0.0000 0.0022 0.3333 0.0196 0.0000 0.0189 0.0000 0.3333 0.0023 0.5000 0.2000 0.0000 0.0263 1.0000 0.0000 0.0189 0.0000 0.1111 0.0018 0.0455 1.0000 1.0000 0.3333 0.0000 0.0006 0.0003 0.1000 0.5000 0.0000 0.1667 0.0000 1.0000 0.0000 0.0026 0.1667 0.0000 0.0200 0.3333 0.0909 0.0052 0.0020 0.0000 0.0000 0.0001 0.0476 
0.0000 0.0000 0.0005 0.0000 1.0000 0.0001 0.0182 0.0022 0.0370 0.0000 0.0041 0.0270 0.1000 0.0000 0.0000 0.0244 0.0034 0.0088 0.0010 0.0286 1.0000 0.0022 0.2500 0.2000 0.0145 0.0000 0.0000 0.1429 0.0007 0.0323 0.0063 0.0005 0.0000 0.0093 0.0000 0.0000 0.0004 0.0000 0.0000 0.0004 0.0357 0.0000 0.0385 0.0625 0.0000 0.0175 0.0256 0.0050 0.0000 0.0110 0.0053 0.0303 0.0000 0.0000 0.0000 0.0323 0.0000 0.3333 0.0200 0.0033 0.0500 0.0004 0.0227 0.0000 1.0000 1.0000 0.0000 0.0000 0.0455 1.0000 0.0476 0.0147 0.0087 0.5000 0.0013 0.5000 0.0004 0.0000 0.0238 1.0000 0.1667 0.0333 0.5000 0.0000 0.0010 0.0000 0.0074 0.0051 0.0055 0.0270 0.0238 0.0000 0.0004 0.0013 0.0077 0.5000 0.0104 0.0000 0.0000 0.0159 0.0053 0.0119 0.0323 1.0000 0.0714 0.0000 0.0000 0.0000 
0.0000 0.0000 0.0031 1.0000 0.0001 1.0000 0.0001 0.1000 0.0128 1.0000 0.0588 0.0370 0.0333 0.0000 0.0000 0.5000 0.5000 0.0003 0.0000 0.0028 0.0069 0.0270 0.0011 0.0909 0.0089 0.1429 0.0000 0.0667 0.0006 0.0294 0.0001 0.0058 0.0025 0.0135 0.0000 0.0000 1.0000 0.0000 0.0000 0.0189 0.0097 0.0000 0.0010 0.0127 0.3333 0.5000 0.0135 0.0001 0.0000 0.0033 0.5000 0.0125 0.0000 0.0270 1.0000 0.0270 0.0000 0.0526 1.0000 0.0028 0.5000 0.0011 0.0080 0.0000 0.1000 0.0000 0.0000 0.0000 0.0667 1.0000 0.1667 0.0088 0.5000 0.0001 0.0001 0.0003 0.0083 0.0000 0.0010 0.0000 0.0200 0.0018 0.1111 0.0000 0.1667 0.1000 0.0093 0.5000 1.0000 0.0714 0.0119 0.0000 0.0588 0.0013 0.0001 0.0001 0.0021 0.0000 0.0000 0.0084 0.0009 0.0069 0.0044 0.1111 0.0556 0.1000 0.0000 0.0588 
0.0000 0.0000 0.0021 1.0000 0.0182 0.0001 1.0000 0.0085 0.0004 0.0072 0.2000 0.0012 0.0147 0.0000 0.0000 0.0200 0.0045 0.0003 0.2000 0.0019 0.0042 0.0028 0.0011 0.0010 0.0050 0.0049 0.0000 0.0227 0.0006 0.0152 0.0031 0.0058 0.0032 0.0039 0.0000 0.0000 0.0357 1.0000 0.0085 0.0041 0.0007 0.0000 0.0001 0.0030 0.0667 0.0192 0.0063 0.0045 0.0000 0.0006 0.0001 0.0045 0.0004 0.0588 0.0263 0.0078 1.0000 0.0175 0.0120 0.0020 0.0057 0.0043 0.0063 0.0000 0.0002 1.0000 0.1000 0.0000 0.0084 0.0833 0.0055 0.0046 0.2000 0.0002 0.0004 0.0003 0.0033 0.0010 0.0019 0.1111 0.0057 0.0014 0.0141 0.1000 0.0172 0.0217 0.0035 1.0000 0.2000 0.0111 0.0015 0.0000 0.0061 0.0047 0.0037 0.0182 0.0019 0.5000 0.0000 0.0017 0.0060 0.0023 0.0012 0.0011 0.0027 0.0526 0.2000 0.0089 
0.0000 0.0000 0.0031 0.0005 0.0022 0.1000 0.0085 1.0000 0.0370 0.0149 0.0010 0.0007 0.0070 0.0000 0.0009 0.0005 0.0013 0.3333 0.0000 0.0020 0.0018 0.0357 0.0196 0.0011 0.0526 0.0110 0.5000 0.0625 0.0208 0.0135 0.0145 0.0128 0.0026 0.0017 0.0015 0.0001 0.0213 0.0049 0.0120 0.0037 0.0004 0.0000 1.0000 0.0217 0.0250 0.0015 0.0119 0.0079 0.0008 0.0007 0.0001 0.0036 0.0003 1.0000 0.0050 0.0476 0.0000 0.5000 0.0065 0.0031 0.0003 0.0278 0.0115 0.0000 0.0002 0.2000 0.0040 0.0000 0.0159 0.0556 0.0213 0.0185 0.0135 0.0015 0.0004 0.0003 0.0286 0.0015 0.0088 1.0000 0.0244 0.0063 0.0233 0.1667 0.0286 0.0222 0.0111 0.0003 0.0003 0.0278 0.0109 0.0000 0.0333 0.0123 0.0500 0.0010 0.0175 0.0370 0.0000 0.0065 0.0435 0.0323 0.0008 0.0012 0.0027 0.0028 0.0001 0.0196 
0.0000 0.0000 0.0071 0.5000 0.0370 0.0128 0.0004 0.0370 1.0000 0.3333 0.0000 0.0012 0.0417 0.0000 0.0000 0.0159 0.0417 0.0005 0.0000 0.0004 0.5000 0.0025 0.0011 0.0055 0.0014 0.0098 0.0014 0.0217 0.0909 0.2500 0.0013 0.0476 0.2500 0.0050 0.0000 0.0000 0.1429 0.5000 0.0000 0.0244 0.0002 0.0196 0.0001 0.0137 0.1000 0.3333 0.0333 0.0051 0.0000 0.0003 0.0001 0.0106 0.0009 0.0003 0.0005 0.0909 0.0000 0.1250 0.0000 0.0096 0.0005 0.0004 0.0244 0.0000 0.0002 0.5000 0.0833 0.0000 0.0123 0.1429 0.0005 0.0400 0.5000 0.0001 0.0004 1.0000 0.0005 0.0008 0.0013 1.0000 0.0435 0.0313 0.0105 0.2500 0.5000 0.5000 0.0667 1.0000 0.0000 0.0244 0.1111 0.0000 0.0005 0.0076 0.0003 0.5000 0.2000 0.5000 0.0000 0.0007 0.0067 0.0123 0.0021 0.0011 0.0345 0.1667 0.0000 0.2500 
0.0000 0.0000 0.0833 0.3333 0.0000 1.0000 0.0072 0.0149 0.3333 1.0000 0.0000 0.0063 0.0400 0.0000 0.0009 0.0135 0.0027 0.0000 1.0000 0.0036 0.0020 0.3333 0.1000 0.0047 0.0196 0.1000 0.0182 0.0098 0.1000 0.1429 0.1429 0.0169 0.0149 0.0027 0.0000 0.0000 0.0014 0.0069 0.0015 0.0090 0.0007 0.0002 0.0088 0.2500 0.5000 0.0065 0.0417 0.0075 0.0000 0.0055 0.0000 0.0182 0.0023 0.0000 0.0120 0.0066 0.0000 0.5000 0.0029 0.0068 0.0333 0.5000 0.0045 0.0000 0.0096 0.0137 0.0044 0.0000 0.0044 0.0323 0.0067 0.1000 0.2000 0.0069 0.0067 0.0167 0.0040 0.0000 0.0065 0.5000 0.1667 0.0182 0.0909 0.1000 0.0065 0.0064 0.0069 0.0000 0.0000 0.0400 0.0000 0.0000 0.0714 0.0000 0.0009 0.0000 0.0039 0.0049 0.0000 0.0074 0.0073 0.0051 0.0011 0.0159 0.0048 0.0024 0.0000 0.0455 
0.0000 0.0000 0.0010 0.0002 0.0041 0.0588 0.2000 0.0010 0.0000 0.0000 1.0000 0.0007 0.0032 0.0000 0.0000 0.0005 0.0039 0.0385 0.1000 0.0118 0.0000 0.0034 0.0385 0.5000 0.0015 1.0000 0.0000 0.0030 1.0000 0.0909 0.0025 0.0012 0.0051 0.5000 0.0000 0.0001 0.5000 0.0154 0.0000 0.0021 0.0017 0.0000 0.0000 1.0000 0.0714 0.0014 0.0017 0.0122 0.0002 0.0027 0.0385 0.0009 1.0000 0.0000 0.0000 0.0000 0.0000 0.0385 0.0154 0.0000 0.0004 0.0012 0.0008 0.0000 0.5000 1.0000 0.0270 0.0000 0.0044 0.0000 0.0012 0.3333 0.0034 0.0000 0.0667 0.0069 0.0015 0.0000 0.0018 0.0000 0.0019 0.0028 0.0152 0.0000 0.5000 0.5000 0.0028 0.0006 0.0006 0.0017 0.0014 0.0000 0.0065 0.0000 0.0022 0.5000 0.0034 0.0000 0.0000 0.0000 0.0079 0.0019 0.1000 0.5000 0.0000 0.0000 0.0002 0.3333 
0.0000 0.0000 0.0016 0.0004 0.0270 0.0370 0.0012 0.0007 0.0012 0.0063 0.0007 1.0000 0.0009 0.0000 0.0009 0.0009 0.0023 1.0000 0.0003 0.0008 0.0020 0.0007 0.5000 0.0005 0.0526 0.0008 0.0000 0.0012 0.0057 0.0012 0.0196 0.0149 0.0006 0.0007 0.0015 0.0001 0.0014 0.0017 0.0095 0.0009 0.0005 0.1000 0.0008 0.0008 0.0008 0.0031 0.0013 0.0008 0.0003 0.0005 0.0000 0.0010 0.0011 0.5000 0.0217 0.0556 0.0000 0.0014 0.0000 0.0009 0.0006 0.0217 0.0007 0.0000 0.0002 0.0007 0.0007 0.0000 0.0006 0.0238 0.0769 0.0006 0.0200 0.0000 0.1429 0.0003 0.0313 0.0069 0.0007 0.3333 0.0007 0.0005 0.0007 0.0014 0.0233 0.0006 0.5000 0.0006 0.0004 0.0007 0.0068 0.0000 0.0005 0.0000 0.0435 0.0008 0.0008 0.0588 0.0000 0.0012 0.1429 0.0013 0.0004 0.0007 0.0119 0.0025 0.0001 0.0011 
0.0000 0.0000 0.0074 0.0065 0.1000 0.0333 0.0147 0.0070 0.0417 0.0400 0.0032 0.0009 1.0000 0.0000 0.0009 0.0008 0.0027 0.0154 0.0588 0.0020 0.0028 0.0006 0.0526 0.0011 0.0667 0.0034 0.0000 0.0357 0.0122 0.0270 0.0256 0.0625 0.0023 0.0010 0.0019 0.0000 0.0098 0.0037 0.5000 0.0556 0.0027 0.0000 0.0001 0.0051 0.0043 0.0021 0.0127 0.0042 0.0001 0.0065 0.0000 0.0078 0.0004 1.0000 0.0333 0.2000 0.0476 0.0909 1.0000 0.0035 0.0005 0.0250 0.0076 0.0000 0.0022 0.0118 0.0040 0.0000 0.0045 0.0238 0.0500 0.0057 0.5000 0.0020 0.0109 0.0003 0.0323 0.0028 0.0058 0.0667 0.0068 0.0015 0.0042 0.0417 0.0028 0.0048 0.0455 0.0200 0.0034 0.0105 1.0000 0.0000 0.0112 1.0000 0.0556 0.0059 0.0034 0.0714 0.0000 0.0064 0.0099 0.0200 0.0011 0.0049 0.0020 0.0022 0.0000 0.0074 
0.0000 0.0000 0.0000 0.0000 0.0000 0.0000 0.0000 0.0000 0.0000 0.0000 0.0000 0.0000 0.0000 1.0000 0.0000 0.0000 0.0000 0.0000 0.0000 0.0000 0.1000 0.0000 0.0000 0.0000 0.0000 0.0000 0.0000 0.0044 0.0000 0.0000 0.0000 0.0000 0.0000 0.0000 0.0000 0.0000 0.0000 0.0000 0.0000 0.0000 0.0000 0.0000 0.0000 0.0000 0.0051 0.0000 0.0001 0.0001 0.0000 0.0000 0.0000 0.0000 0.0000 0.1000 0.0000 0.0000 0.0003 0.0000 0.0000 0.0000 0.0000 0.0051 0.0000 0.0000 0.0000 0.0000 0.0000 0.0000 0.5000 0.0000 0.0001 0.0000 0.0000 0.0000 1.0000 0.0000 0.0001 0.0000 0.0000 0.0000 0.0000 0.0000 0.0000 0.0000 0.0000 0.0000 0.0000 0.0000 0.0000 0.0000 0.0000 0.0000 0.0000 0.0000 0.0001 0.0000 0.0000 0.0000 0.0000 0.0000 0.0068 0.0000 0.5000 0.0000 0.0000 0.0000 0.0000 0.0000 
0.0000 0.0000 0.0000 0.0000 0.0000 0.0000 0.0000 0.0009 0.0000 0.0009 0.0000 0.0009 0.0009 0.0000 1.0000 0.0010 0.2000 0.0000 0.0000 0.0010 0.0000 0.0000 0.0000 0.0000 0.0000 0.0000 0.0000 1.0000 0.0000 0.5000 0.0009 0.0009 0.0000 0.1667 0.0000 0.0000 0.0009 0.0011 0.0000 0.0000 0.0009 0.0000 0.0000 0.0000 0.0244 0.0000 0.0009 0.0010 0.0000 0.0009 0.0000 0.0000 0.0034 0.0000 0.0000 0.0000 0.0008 1.0000 0.0000 0.0000 0.0011 0.0000 0.0009 0.0000 0.1000 0.0000 0.0008 0.0000 0.0012 0.0010 0.0000 0.0009 0.0000 0.0000 0.0000 0.0000 0.2000 0.0000 0.5000 0.0008 0.0000 0.0000 0.0000 0.0010 0.0000 0.0009 0.0000 0.0000 0.0000 0.1111 0.0000 0.0000 0.0009 0.0000 0.0000 0.0000 0.0000 1.0000 0.0000 0.0009 0.1667 0.0000 0.0000 1.0000 0.0014 0.0018 0.0000 0.0009 
0.0000 0.0000 0.0094 0.0005 0.0244 0.5000 0.0200 0.0005 0.0159 0.0135 0.0005 0.0009 0.0008 0.0000 0.0010 1.0000 0.0027 1.0000 0.0000 0.0005 0.0044 0.0051 0.0217 0.0003 0.0119 0.0004 1.0000 0.0098 0.0006 0.0104 0.0143 0.0417 0.0005 0.0004 0.0000 0.0000 0.0005 0.0006 0.2000 0.0303 0.0002 0.0000 0.0122 0.0005 0.0006 0.0159 0.0081 0.0008 0.0005 0.0003 0.5000 0.0013 0.0005 1.0000 0.0051 0.2500 0.0000 0.0333 0.0000 0.0020 0.0064 0.0909 0.0006 0.0000 0.0001 0.0006 0.0004 0.0000 0.0005 0.0039 0.0270 0.0005 0.0714 0.0000 0.0588 0.0047 0.0263 0.0385 0.0005 0.0054 0.0006 0.0004 0.0005 0.0185 0.0385 0.0005 1.0000 0.0000 0.0000 0.0006 0.0122 0.0000 0.0137 1.0000 0.0526 0.0011 0.0020 0.2000 0.0000 0.0061 0.0105 0.0244 0.0003 0.0004 0.0029 0.0014 0.0000 0.0005 
0.0000 0.0000 0.0018 0.0000 0.0034 0.5000 0.0045 0.0013 0.0417 0.0027 0.0039 0.0023 0.0027 0.0000 0.2000 0.0027 1.0000 0.0115 0.0000 0.0015 0.0294 0.1000 0.2000 0.0263 0.0036 0.0385 0.0000 0.0020 0.0018 0.0018 0.0037 0.0017 0.0023 0.0057 0.0001 0.0000 0.5000 0.2000 0.2000 0.0060 0.0025 0.0000 0.5000 0.0025 0.0018 0.0070 0.0042 0.2000 0.0000 0.0015 0.0001 0.0019 0.0006 0.0000 0.0051 0.0323 0.0009 0.0476 0.0116 0.0023 0.0435 0.0021 0.0015 0.0000 0.0031 1.0000 0.5000 0.0000 0.0028 1.0000 0.0025 0.0102 0.0001 0.0003 0.0004 0.0072 0.0068 0.0051 0.0013 0.0000 0.0769 0.0028 0.0021 1.0000 0.0010 0.0016 0.0036 0.0045 0.0051 0.0038 0.0152 0.0000 0.0017 0.0028 0.0034 0.0000 0.0050 0.0027 0.0000 0.3333 0.0115 0.0037 0.0014 0.1667 0.0011 0.0588 0.0270 0.1000 
0.0000 0.0000 0.0034 0.2000 0.0088 0.0003 0.0003 0.3333 0.0005 0.0000 0.0385 1.0000 0.0154 0.0000 0.0000 1.0000 0.0115 1.0000 0.0000 0.3333 1.0000 0.0526 0.0011 0.0588 0.0333 0.0003 1.0000 0.0137 0.0256 0.5000 0.0004 0.0016 0.1000 0.1000 0.0000 0.0000 0.0053 0.0000 1.0000 0.0003 0.0303 0.0000 0.0909 0.0002 0.0000 0.0020 0.0003 0.0333 0.0000 0.0031 0.1000 0.0056 0.0021 0.0003 0.2000 0.0003 0.0000 0.1667 0.0133 0.0002 0.5000 0.0002 0.0026 0.0000 0.0714 1.0000 0.0000 0.0000 0.0020 1.0000 0.0003 0.0097 0.0073 0.0002 0.0054 0.0263 0.0002 0.0007 0.0003 0.0000 0.0002 0.0002 0.2000 0.0000 0.0909 0.0000 0.0024 0.1667 0.5000 0.0385 0.0003 0.0000 0.0019 0.0019 0.0002 0.0909 0.0002 1.0000 0.0000 0.0015 0.0137 0.0003 0.0018 1.0000 0.2000 0.0000 0.0000 0.0025 
0.0000 0.0000 0.0003 0.5000 0.0010 0.0000 0.2000 0.0000 0.0000 1.0000 0.1000 0.0003 0.0588 0.0000 0.0000 0.0000 0.0000 0.0000 1.0000 0.5000 0.0069 0.0000 0.0000 0.0000 0.0000 0.0154 0.0385 0.0000 0.0000 0.0000 0.0000 0.0003 0.0588 0.0003 0.0200 0.0000 0.0038 1.0000 0.0000 0.0043 0.2000 0.0005 0.0000 0.0068 0.0000 0.1667 0.1000 0.0000 0.0000 1.0000 0.0000 0.0200 0.2000 0.0000 1.0000 0.0000 0.0000 0.5000 1.0000 0.2000 0.0000 0.0048 0.3333 0.0000 0.0000 1.0000 0.0000 0.0000 0.0000 0.0000 0.0069 0.0120 0.0122 0.0000 0.5000 0.0000 0.0039 0.0000 0.1000 0.2000 0.5000 0.2000 0.0000 0.0000 0.0004 0.1000 0.0000 0.0000 0.0588 0.0588 0.0000 0.0000 0.0018 0.0000 0.0067 0.0000 0.5000 0.0000 0.0000 1.0000 1.0000 0.0000 0.0000 0.0000 0.0082 0.0000 0.0000 0.2000 
0.0000 0.0000 0.0020 0.0013 0.0286 0.0028 0.0019 0.0020 0.0004 0.0036 0.0118 0.0008 0.0020 0.0000 0.0010 0.0005 0.0015 0.3333 0.5000 1.0000 0.0017 0.0034 0.0435 0.0008 0.0370 0.0052 0.0476 0.0051 0.0056 0.0036 0.0023 0.0200 0.0018 0.0008 0.0001 0.0000 0.0043 0.0085 0.0270 0.0022 0.0005 0.0003 0.0417 0.0028 0.0016 0.0017 0.0022 0.0023 0.0002 0.0007 0.0000 0.0032 0.0004 0.5000 0.0044 0.0074 0.5000 0.0079 0.0385 0.0025 0.0004 0.0286 0.0016 0.0000 0.0002 0.0051 0.0034 0.0000 0.0019 0.0120 0.0092 0.0018 0.0001 0.0019 0.0323 0.0003 0.0087 0.0002 0.0014 0.0909 0.0017 0.0022 0.0021 0.0098 0.0192 0.0023 0.0313 0.0015 0.0031 0.0032 0.0015 0.0000 0.0020 0.0000 0.0323 0.0007 0.0021 0.0417 0.0000 0.0011 0.0093 0.0032 0.0008 0.0013 0.0034 0.0031 0.2000 0.0022 
0.0000 0.0000 0.0025 0.0022 1.0000 0.0069 0.0042 0.0018 0.5000 0.0020 0.0000 0.0020 0.0028 0.1000 0.0000 0.0044 0.0294 1.0000 0.0069 0.0017 1.0000 0.0024 0.5000 0.0010 0.2000 0.0010 1.0000 0.0357 1.0000 0.0096 0.0021 0.0400 0.0019 0.0011 0.0000 0.0000 0.0909 0.0000 0.0000 0.0204 0.0005 0.0000 0.0357 0.0048 0.0063 0.3333 0.0016 0.0040 0.0000 0.0006 0.0000 0.0028 0.0014 0.3333 0.0023 0.0100 1.0000 0.0067 0.0000 0.0036 0.0034 0.0064 0.0029 0.0000 0.0002 1.0000 0.0000 0.0000 0.0014 1.0000 0.0047 0.0012 0.2000 0.0023 0.0081 0.0003 0.0037 0.0002 0.0014 0.0099 0.0034 0.0026 0.0016 1.0000 0.0256 0.0033 0.5000 0.0000 0.0000 0.0033 0.0588 0.0000 0.0042 0.0000 0.2000 0.0041 0.0027 0.1111 0.0000 0.0025 0.0065 0.0182 0.0010 0.0008 0.0022 0.0385 0.2000 0.0027 
0.0000 0.0000 0.0007 0.0000 0.0022 0.0270 0.0028 0.0357 0.0025 0.3333 0.0034 0.0007 0.0006 0.0000 0.0000 0.0051 0.1000 0.0526 0.0000 0.0034 0.0024 1.0000 0.0021 0.0027 0.0007 0.0079 0.0000 0.0027 0.0588 0.0000 0.0022 0.0042 0.0196 0.0005 0.0000 0.0000 0.0135 0.0015 0.0000 0.0323 0.0435 0.0000 0.0001 0.0031 0.0000 0.0021 0.0500 0.0006 0.0000 0.2000 0.0001 0.0385 0.0015 0.0003 0.0051 1.0000 0.0000 0.1000 1.0000 1.0000 0.0007 0.0030 0.0023 0.0000 0.5000 0.0000 1.0000 0.0000 0.0005 0.0025 0.0024 0.1667 0.2000 1.0000 0.0004 0.1000 0.0023 0.0270 0.0038 0.0025 0.0024 0.0833 0.2000 0.0007 0.0556 0.0007 0.0007 0.0051 0.0051 0.0044 0.1000 0.0000 0.0005 0.0068 0.0667 0.0000 0.0025 0.5000 0.0000 0.0007 0.0006 0.0042 0.0005 0.0025 0.0031 0.0007 0.0000 1.0000 
0.0000 0.0000 0.0014 0.0000 0.2500 0.0011 0.0011 0.0196 0.0011 0.1000 0.0385 0.5000 0.0526 0.0000 0.0000 0.0217 0.2000 0.0011 0.0000 0.0435 0.5000 0.0021 1.0000 0.0014 0.0052 1.0000 0.0000 0.0588 0.0154 0.0270 0.0030 0.0026 0.0068 0.2500 0.0000 0.0000 0.2000 0.0000 0.0000 0.0028 0.0011 0.0003 0.0001 0.0012 0.0000 1.0000 0.0909 0.0010 0.0000 0.0019 0.1000 0.0011 0.0233 0.0116 1.0000 0.1667 1.0000 0.0012 0.0000 0.0056 0.0256 0.0011 0.0096 0.0000 0.0000 1.0000 1.0000 0.0000 0.0238 0.3333 0.0063 0.0115 0.5000 0.0003 0.0010 1.0000 0.0011 0.0002 0.0032 1.0000 0.0012 0.0294 0.2500 1.0000 1.0000 0.0000 0.0009 0.1111 0.5000 0.0270 0.0370 0.0000 0.0013 0.0082 0.0010 0.0010 0.2000 0.0000 0.0000 0.0200 0.0068 0.0010 0.0012 0.5000 1.0000 1.0000 0.0000 0.0000 
0.0000 0.0000 0.0011 0.0023 0.2000 0.0909 0.0010 0.0011 0.0055 0.0047 0.5000 0.0005 0.0011 0.0000 0.0000 0.0003 0.0263 0.0588 0.0000 0.0008 0.0010 0.0027 0.0014 1.0000 0.3333 0.1667 0.5000 0.0088 0.0085 0.0156 0.0114 0.0063 0.0010 0.0007 0.0000 0.0000 0.0179 0.0154 0.5000 0.0169 0.0004 0.0000 0.0001 0.0072 0.0076 0.0714 0.0032 0.0021 0.0000 0.0007 1.0000 0.0025 0.0012 0.0000 0.0345 1.0000 0.0000 0.0435 0.0000 0.0021 0.0003 0.0357 0.0010 0.0000 0.0003 0.0053 0.0238 0.0000 0.0080 0.1667 0.0096 0.0011 0.0013 0.0667 0.0476 0.0037 0.0588 0.0002 0.0127 0.2000 0.0045 0.0013 0.0011 0.2000 0.0833 0.0030 0.0667 0.0000 0.2000 0.0009 0.0043 0.0000 0.0088 0.0000 0.0667 0.1000 0.0007 0.0556 0.0000 0.0017 0.0091 0.0123 0.0026 0.0009 0.0064 0.0000 0.2000 0.0007 
0.0000 0.0000 0.0025 1.0000 0.0145 0.0089 0.0050 0.0526 0.0014 0.0196 0.0015 0.0526 0.0667 0.0000 0.0000 0.0119 0.0036 0.0333 0.0000 0.0370 0.2000 0.0007 0.0052 0.3333 1.0000 0.5000 0.5000 0.0263 0.0009 0.0101 0.0037 0.0050 1.0000 0.1429 0.0000 0.0001 0.0294 0.0059 0.5000 0.0026 0.0208 0.0003 0.0001 0.0278 0.0000 0.0020 0.0099 0.0094 0.0007 0.0030 0.0001 0.0270 0.0020 1.0000 0.0005 0.0769 0.0000 0.0909 0.0068 0.0035 0.0069 0.0078 0.0085 0.0000 0.0303 0.1000 0.1667 0.0000 0.0060 0.5000 0.0062 0.0070 0.0154 0.0002 0.0003 1.0000 0.0067 0.0012 0.0114 0.0000 0.0119 0.0137 0.1667 0.3333 0.0154 0.3333 0.0067 0.0004 0.0004 0.0135 0.0015 0.0000 0.0094 0.0013 0.0081 0.0069 0.0278 0.3333 0.0000 0.0040 0.0455 0.0133 0.0016 0.1429 0.0278 0.3333 0.0001 0.5000 
0.0000 0.0000 0.0104 0.5000 0.0000 0.1429 0.0049 0.0110 0.0098 0.1000 1.0000 0.0008 0.0034 0.0000 0.0000 0.0004 0.0385 0.0003 0.0154 0.0052 0.0010 0.0079 1.0000 0.1667 0.5000 1.0000 0.0000 0.0145 0.0072 0.0244 0.0047 0.0385 0.0011 0.0222 0.0000 0.0000 0.0909 0.0154 0.2000 0.0058 0.0068 0.0000 0.0001 0.0323 0.0250 0.1000 0.0048 0.0115 0.0000 0.0015 0.0000 0.0043 0.0036 0.0200 0.0033 0.0455 0.0588 0.0152 0.0385 0.0073 0.0004 0.0085 0.0014 0.0000 0.0145 1.0000 0.0270 0.0000 0.0016 0.5000 0.0123 0.0101 1.0000 0.0020 0.0200 0.0003 0.0093 0.0031 0.0078 0.0270 0.0149 0.0039 0.0019 1.0000 0.0017 0.0014 0.0476 0.0000 0.0000 0.0064 0.0014 0.0000 0.0323 1.0000 0.0189 0.0069 0.0049 1.0000 0.0000 0.0110 0.2000 0.0139 0.0270 0.1429 0.0031 0.0588 0.0000 0.0100 
0.0000 0.0000 1.0000 0.0588 0.0000 0.0000 0.0000 0.5000 0.0014 0.0182 0.0000 0.0000 0.0000 0.0000 0.0000 1.0000 0.0000 1.0000 0.0385 0.0476 1.0000 0.0000 0.0000 0.5000 0.5000 0.0000 1.0000 0.1667 0.0000 0.5000 0.5000 1.0000 0.0000 0.0000 0.0000 0.0000 0.0041 0.0000 0.0256 1.0000 0.5000 0.0003 0.0000 1.0000 0.0000 0.0385 0.5000 1.0000 0.0000 0.0000 0.0000 0.0000 0.5000 0.0000 0.0000 0.0000 0.0000 0.5000 0.0005 0.0000 0.0000 0.5000 0.0588 0.0000 0.0000 0.0056 0.0000 0.0000 1.0000 0.0000 0.0000 0.2000 1.0000 0.5000 0.0082 1.0000 0.0000 0.0000 0.0556 0.0000 0.2000 0.0588 0.5000 1.0000 0.0000 0.0385 0.0000 0.0000 0.0000 0.0714 0.0000 0.0000 0.0000 0.0000 0.0833 0.0000 0.0000 0.0035 0.0000 1.0000 1.0000 0.0000 0.0000 0.0000 0.0000 0.0000 0.0000 0.0000 
0.0000 0.0000 0.0071 0.0027 0.1429 0.0667 0.0227 0.0625 0.0217 0.0098 0.0030 0.0012 0.0357 0.0044 1.0000 0.0098 0.0020 0.0137 0.0000 0.0051 0.0357 0.0027 0.0588 0.0088 0.0263 0.0145 0.1667 1.0000 0.0087 0.0250 0.0051 0.0052 0.0154 0.0011 0.0000 0.0000 0.0147 1.0000 0.0000 0.0159 0.0008 0.0000 0.0286 0.0084 0.0045 0.0031 0.0208 0.0049 0.0000 0.0009 0.0714 0.0370 0.0435 0.0003 0.0099 0.1667 0.0008 0.1111 0.1667 0.0033 0.0189 0.0086 0.0106 0.0000 0.0002 0.0667 0.5000 0.0000 0.0135 0.2000 0.0084 0.0139 0.0625 0.0233 0.0278 0.0526 0.0073 0.0082 0.0137 0.2000 0.0128 0.0233 0.0227 0.5000 0.0500 0.0526 0.0189 0.0055 0.0035 0.0200 0.0020 0.0000 0.0455 0.0015 0.0061 0.0007 0.0286 0.0500 0.0000 0.0104 0.0040 0.0102 0.0009 0.0013 0.1429 0.0270 0.0044 0.0500 
0.0000 0.0000 0.0006 0.0099 0.0007 0.0006 0.0006 0.0208 0.0909 0.1000 1.0000 0.0057 0.0122 0.0000 0.0000 0.0006 0.0018 0.0256 0.0000 0.0056 1.0000 0.0588 0.0154 0.0085 0.0009 0.0072 0.0000 0.0087 1.0000 0.0006 0.0006 0.0007 0.0263 0.0034 0.0000 0.0000 0.1667 0.0000 0.1000 0.0006 0.0050 0.0000 0.0000 0.0047 0.0109 0.0006 0.0006 0.0006 0.0000 0.0370 0.0001 0.0052 0.0005 0.0000 0.1667 0.0217 0.0000 1.0000 0.0076 0.0006 0.0006 0.0006 0.0006 0.0000 0.5000 1.0000 0.2000 0.0000 0.0006 0.0000 0.0006 0.0006 0.0069 0.0082 0.0003 0.0200 0.0006 0.0000 0.0006 0.0000 0.0006 0.0006 0.0036 0.0000 0.0006 0.0909 0.0005 0.0000 0.2000 0.0006 0.0044 0.0000 0.0005 0.0005 0.0006 0.0000 0.0009 0.0588 0.0000 0.0028 0.0008 0.0006 0.0004 0.0370 0.0007 0.0000 0.0000 0.0056 
0.0000 0.0000 0.0067 1.0000 0.0323 0.0294 0.0152 0.0135 0.2500 0.1429 0.0909 0.0012 0.0270 0.0000 0.5000 0.0104 0.0018 0.5000 0.0000 0.0036 0.0096 0.0000 0.0270 0.0156 0.0101 0.0244 0.5000 0.0250 0.0006 1.0000 0.0169 0.0164 0.0031 0.0015 0.0000 0.0000 0.1000 0.0069 0.0122 0.0185 0.0026 0.0000 1.0000 0.0092 0.0135 0.3333 0.0083 0.0208 0.0000 0.0116 0.0833 0.0182 0.0004 1.0000 0.1667 0.0256 0.0007 0.2000 0.0000 0.0029 0.0108 0.0357 0.0222 0.0000 0.0027 0.5000 0.0769 0.0000 0.0091 0.0385 0.0526 0.0108 0.0213 0.0015 0.0227 0.0003 0.0455 0.0013 0.0101 0.5000 0.0083 0.0156 0.0084 0.5000 0.0161 0.0233 0.0256 0.0000 0.0000 0.0081 0.1667 0.0000 0.0159 0.0238 0.0238 0.0069 0.0046 0.1111 0.0000 0.0027 0.0147 0.0213 0.0011 0.0061 0.0056 0.0270 0.0000 0.0217 
0.0000 0.0000 0.0050 0.1429 0.0063 0.0001 0.0031 0.0145 0.0013 0.1429 0.0025 0.0196 0.0256 0.0000 0.0009 0.0143 0.0037 0.0004 0.0000 0.0023 0.0021 0.0022 0.0030 0.0114 0.0037 0.0047 0.5000 0.0051 0.0006 0.0169 1.0000 0.0179 0.0032 0.0015 0.0000 0.0000 0.0094 0.0069 0.5000 0.0038 0.0035 0.0000 0.0385 0.0022 0.0588 0.0012 0.0026 0.0046 0.0002 0.0062 0.0001 0.0036 0.0004 1.0000 0.0345 0.0036 0.0000 0.0385 0.0066 0.0018 0.0032 0.0022 0.0047 0.0000 1.0000 1.0000 0.0044 0.0000 0.0040 0.0385 0.0046 0.0060 0.0043 0.0054 0.0004 0.0003 0.0026 0.0116 0.0022 0.5000 0.0022 0.0013 0.0049 0.1000 0.0042 0.0714 0.0035 0.0011 0.0016 0.0044 0.0013 0.0000 0.0040 0.0019 0.0021 0.1667 0.0013 0.0179 0.0000 0.0123 0.0025 0.0026 0.0051 0.0417 0.0017 0.0025 0.0043 0.0099 
0.0000 0.0000 0.0024 0.0714 0.0005 0.0058 0.0058 0.0128 0.0476 0.0169 0.0012 0.0149 0.0625 0.0000 0.0009 0.0417 0.0017 0.0016 0.0003 0.0200 0.0400 0.0042 0.0026 0.0063 0.0050 0.0385 1.0000 0.0052 0.0007 0.0164 0.0179 1.0000 0.0114 0.0056 0.0000 0.0001 0.0115 0.0069 0.0000 0.0022 0.0008 0.0000 0.0167 0.0053 0.2000 0.0010 0.0051 0.0227 0.0002 0.0007 0.0086 0.0046 0.0011 1.0000 0.0357 0.0345 0.0000 0.0667 0.0044 0.0038 0.0049 0.0024 0.0036 0.0000 0.0002 0.2000 0.0044 0.0000 0.0033 0.0370 0.0189 0.0357 0.0031 0.0016 0.0043 0.1000 0.0066 0.0014 0.0046 0.5000 0.0017 0.0189 0.0058 0.1000 0.0023 0.1667 0.0018 0.0003 0.0003 0.0056 0.0004 0.0000 0.0006 0.0500 0.0017 0.0009 0.0047 1.0000 0.0000 0.0526 0.0053 0.0034 0.0009 0.0015 0.0026 0.0025 0.0001 0.0025 
0.0000 0.0000 0.0020 0.0556 0.0000 0.0025 0.0032 0.0026 0.2500 0.0149 0.0051 0.0006 0.0023 0.0000 0.0000 0.0005 0.0023 0.1000 0.0588 0.0018 0.0019 0.0196 0.0068 0.0010 1.0000 0.0011 0.0000 0.0154 0.0263 0.0031 0.0032 0.0114 1.0000 0.0009 0.0015 0.0000 0.0556 0.0122 0.0099 0.0079 0.0006 0.0000 0.0056 0.0024 0.0137 0.0108 0.0036 0.0090 0.0000 0.0006 0.0000 0.0035 0.0014 0.0556 0.0015 0.0031 0.0000 0.0286 0.0000 0.0023 0.0003 0.0060 0.0025 0.0000 0.0002 0.1429 0.0196 0.0000 0.0019 0.2000 0.0345 0.0019 0.0294 0.0069 0.0065 0.0005 0.0019 0.0003 0.0019 0.2000 0.0019 0.0017 0.0056 1.0000 0.0152 0.0024 0.0071 0.0000 0.0385 0.0139 0.0370 0.0000 0.0017 0.0000 0.0072 0.0009 0.0025 0.0263 0.0000 0.0029 0.0114 0.0051 0.0007 0.0008 0.0019 0.5000 0.0000 0.0021 
0.0000 0.0000 0.0017 0.0057 0.0093 0.0135 0.0039 0.0017 0.0050 0.0027 0.5000 0.0007 0.0010 0.0000 0.1667 0.0004 0.0057 0.1000 0.0003 0.0008 0.0011 0.0005 0.2500 0.0007 0.1429 0.0222 0.0000 0.0011 0.0034 0.0015 0.0015 0.0056 0.0009 1.0000 0.0028 0.0000 0.0667 0.0026 0.5000 0.0042 0.0003 0.0000 0.0008 0.0012 0.0015 0.0013 0.0009 0.0006 0.0000 0.0007 0.1000 0.0012 0.0003 1.0000 0.0037 0.0833 0.0008 0.0019 0.0385 0.0010 0.0003 0.0244 0.0007 0.0000 0.0002 0.0058 0.0043 0.0000 0.0009 0.0238 0.0109 0.0029 0.0833 1.0000 0.1000 0.0002 0.0164 0.0002 0.0015 1.0000 0.0039 0.0006 0.0024 0.0059 0.0008 0.0009 0.1111 0.0000 0.0000 0.0022 0.0014 0.0000 0.0004 0.0017 0.0217 0.0010 0.0017 0.5000 0.0000 0.0008 0.0065 0.0043 0.0010 0.0009 0.0020 0.0270 0.0000 0.0294 
0.0000 0.0000 0.0000 0.0000 0.0000 0.0000 0.0000 0.0015 0.0000 0.0000 0.0000 0.0015 0.0019 0.0000 0.0000 0.0000 0.0001 0.0000 0.0200 0.0001 0.0000 0.0000 0.0000 0.0000 0.0000 0.0000 0.0000 0.0000 0.0000 0.0000 0.0000 0.0000 0.0015 0.0028 1.0000 0.0000 0.0000 0.0000 0.0000 0.0000 0.0082 0.0000 0.0000 0.0028 0.0000 0.0000 0.0000 0.0000 0.0000 0.0082 0.0000 0.0082 0.0000 0.0000 0.0000 0.0000 0.0000 0.0000 0.0000 0.0099 0.0000 0.0000 0.0001 0.0000 0.0000 0.0000 0.0000 0.0000 0.0000 0.0000 0.0028 0.0002 0.0003 0.0000 0.0002 0.0000 0.0000 0.0000 0.0000 0.0000 0.0000 0.0021 0.0019 0.0000 0.0021 0.0122 0.0000 0.0000 0.0000 0.0001 0.0000 0.0000 0.0034 0.0000 0.0028 0.0000 0.0000 0.0000 0.0000 0.0000 0.0000 0.0000 0.0026 0.0000 0.0001 0.0000 0.0000 0.0019 
0.0000 0.0000 0.0001 0.0001 0.0000 0.0000 0.0000 0.0001 0.0000 0.0000 0.0001 0.0001 0.0000 0.0000 0.0000 0.0000 0.0000 0.0000 0.0000 0.0000 0.0000 0.0000 0.0000 0.0000 0.0001 0.0000 0.0000 0.0000 0.0000 0.0000 0.0000 0.0001 0.0000 0.0000 0.0000 1.0000 0.0000 0.0000 0.0000 0.0001 0.0001 0.0000 0.0000 0.0000 0.0000 0.0001 0.0001 0.0000 0.0002 0.0000 0.0000 0.0001 0.0000 0.0000 0.0000 0.0000 0.0000 0.0000 0.0000 0.0000 0.0004 0.0001 0.0001 0.0000 0.0000 0.0000 0.0000 0.0000 0.0000 0.0000 0.0001 0.0000 0.0000 0.0000 0.0000 0.0000 0.0001 0.0000 0.0000 0.0000 0.0001 0.0000 0.0000 0.0000 0.0000 0.0000 0.0000 0.0002 0.0003 0.0001 0.0001 0.0000 0.0000 0.0000 0.0004 0.0000 0.0000 0.0000 0.0000 0.0000 0.0000 0.0005 0.0000 0.0000 0.0000 0.0000 0.0010 0.0000 
0.0000 0.0000 0.0476 0.1000 0.0004 1.0000 0.0357 0.0213 0.1429 0.0014 0.5000 0.0014 0.0098 0.0000 0.0009 0.0005 0.5000 0.0053 0.0038 0.0043 0.0909 0.0135 0.2000 0.0179 0.0294 0.0909 0.0041 0.0147 0.1667 0.1000 0.0094 0.0115 0.0556 0.0667 0.0000 0.0000 1.0000 0.0013 0.2000 0.0123 0.1111 0.0001 0.0357 0.3333 0.1000 0.0227 0.0476 0.0088 0.0000 0.0357 0.0001 0.0024 0.0026 0.0000 0.2000 0.0200 0.0000 0.0270 1.0000 0.0667 0.0003 0.0250 0.0072 0.0000 1.0000 0.0833 0.0008 0.0000 0.0096 0.0009 0.0357 0.0500 0.1000 0.0058 0.0004 0.0667 0.0088 0.0588 0.0075 0.0003 0.1000 0.0263 1.0000 0.0200 0.0037 0.0133 0.0400 0.0000 0.0000 0.0417 0.5000 0.0000 0.0256 0.0122 0.0004 0.1000 0.0189 0.0073 0.0000 0.0435 0.0238 0.0083 0.0061 0.0909 0.0093 0.0012 0.0000 0.0024 
0.0000 0.0000 0.0059 0.0122 0.0000 0.0000 1.0000 0.0049 0.5000 0.0069 0.0154 0.0017 0.0037 0.0000 0.0011 0.0006 0.2000 0.0000 1.0000 0.0085 0.0000 0.0015 0.0000 0.0154 0.0059 0.0154 0.0000 1.0000 0.0000 0.0069 0.0069 0.0069 0.0122 0.0026 0.0000 0.0000 0.0013 1.0000 0.0000 0.0000 0.0052 0.2000 0.0022 0.0154 0.0041 0.0000 0.0067 0.0013 0.0000 0.0044 0.0000 0.0088 0.0111 0.5000 0.0000 0.0000 0.0008 1.0000 0.0000 0.0000 0.0005 0.2000 0.0055 0.0000 0.0110 0.0154 0.0025 0.0000 0.0019 0.0021 0.0000 0.0044 0.0000 0.0000 0.0000 0.0000 0.0059 0.0000 0.0061 0.0004 0.0200 0.0122 0.0122 0.0014 0.0000 0.0025 0.0059 0.0000 0.0000 0.0041 0.0000 0.0062 0.0032 0.0000 0.0000 0.0000 0.0000 1.0000 0.0000 0.0014 0.0029 0.5000 0.0051 0.0116 0.0385 0.0037 0.0000 0.0044 
0.0000 0.0000 0.1667 0.0000 0.0000 0.0000 0.0085 0.0120 0.0000 0.0015 0.0000 0.0095 0.5000 0.0000 0.0000 0.2000 0.2000 1.0000 0.0000 0.0270 0.0000 0.0000 0.0000 0.5000 0.5000 0.2000 0.0256 0.0000 0.1000 0.0122 0.5000 0.0000 0.0099 0.5000 0.0000 0.0000 0.2000 0.0000 1.0000 0.0000 0.0000 0.0000 0.0000 0.0000 0.0122 0.0099 0.0098 0.0000 0.0000 0.0098 0.0000 0.0099 0.0000 0.0000 0.0000 0.0098 0.0000 0.0000 0.0005 1.0000 0.1667 0.0099 0.5000 0.0000 0.0000 0.0333 0.0000 0.0000 0.2000 0.2000 1.0000 0.2000 0.0099 0.0000 0.5000 0.0154 0.5000 0.0000 0.0079 0.0000 0.2000 0.0244 0.0122 0.0000 0.0099 0.0095 0.5000 0.0000 0.0000 0.0120 0.0000 0.0000 0.0000 0.0000 0.0000 0.0000 0.0143 0.0016 0.0000 0.0200 1.0000 0.5000 0.0000 0.0000 0.0000 0.0000 0.0000 0.0185 
0.0000 0.0000 0.0014 0.0034 0.0004 0.0189 0.0041 0.0037 0.0244 0.0090 0.0021 0.0009 0.0556 0.0000 0.0000 0.0303 0.0060 0.0003 0.0043 0.0022 0.0204 0.0323 0.0028 0.0169 0.0026 0.0058 1.0000 0.0159 0.0006 0.0185 0.0038 0.0022 0.0079 0.0042 0.0000 0.0001 0.0123 0.0000 0.0000 1.0000 0.0017 0.0000 0.0001 0.0270 0.0357 0.0012 0.0027 0.0227 0.0002 0.0035 0.0001 0.0032 0.0009 1.0000 0.0004 0.0455 0.0000 0.0556 0.0476 0.0028 0.0200 0.0025 0.0028 0.0000 0.0025 0.5000 0.5000 0.0000 0.0833 0.0370 0.0028 0.0088 0.0208 0.0003 0.0004 0.0070 0.0024 0.0002 0.0055 0.0000 0.0030 0.0016 0.0133 0.3333 0.0042 0.5000 0.0089 0.0004 0.0004 0.0033 0.0012 0.0000 0.0114 0.0018 0.0091 0.0068 0.0024 0.0667 0.0000 0.0125 0.0137 0.0082 0.0032 0.0076 0.0029 0.0000 0.0001 0.0256 
0.0000 0.0000 0.0004 0.0006 0.0357 0.0097 0.0007 0.0004 0.0002 0.0007 0.0017 0.0005 0.0027 0.0000 0.0009 0.0002 0.0025 0.0303 0.2000 0.0005 0.0005 0.0435 0.0011 0.0004 0.0208 0.0068 0.5000 0.0008 0.0050 0.0026 0.0035 0.0008 0.0006 0.0003 0.0082 0.0001 0.1111 0.0052 0.0000 0.0017 1.0000 0.0000 0.0370 0.0009 0.0006 0.0030 0.0004 0.0004 0.0007 0.0007 0.0001 0.0006 0.0026 0.0588 0.0189 0.0476 0.0370 0.0035 0.0000 0.0006 0.0002 0.0143 0.0004 0.0000 0.0005 0.0007 0.0018 0.0000 0.0006 0.0385 0.0769 0.0006 0.0147 0.2000 0.0003 0.0002 0.0088 0.0012 0.0025 0.1667 0.0007 0.0003 0.0006 0.0038 0.0435 0.0004 0.0400 0.0006 0.0004 0.0004 0.0008 0.0000 0.0009 0.0011 0.0120 0.0010 0.0003 0.3333 0.0000 0.0004 0.1250 0.0035 0.0005 0.0010 0.0029 0.0025 0.0001 0.0004 
0.0000 0.0000 0.0000 0.0000 0.0000 0.0000 0.0000 0.0000 0.0196 0.0002 0.0000 0.1000 0.0000 0.0000 0.0000 0.0000 0.0000 0.0000 0.0005 0.0003 0.0000 0.0000 0.0003 0.0000 0.0003 0.0000 0.0003 0.0000 0.0000 0.0000 0.0000 0.0000 0.0000 0.0000 0.0000 0.0000 0.0001 0.2000 0.0000 0.0000 0.0000 1.0000 0.0003 0.0000 0.0000 0.0005 1.0000 0.0000 0.0000 0.0000 0.0000 0.0099 0.0000 0.0000 0.0000 0.0000 0.0000 0.0000 0.0000 1.0000 0.0003 1.0000 0.0000 0.0000 0.0000 0.0004 0.0588 0.0000 0.0000 0.0000 0.2000 0.0000 0.0000 0.0000 0.0000 0.0000 0.0000 0.0000 0.0000 0.0000 0.0000 0.0000 0.0000 0.0000 0.0000 1.0000 0.0000 0.0000 0.0000 1.0000 0.0000 0.0000 0.0003 0.0000 0.0005 0.0000 0.0000 0.0000 0.0000 0.0000 0.0003 0.5000 0.0000 0.0003 0.0000 0.0000 0.0000 0.0000 
0.0000 0.0000 0.0007 1.0000 0.0385 0.0010 0.0001 1.0000 0.0001 0.0088 0.0000 0.0008 0.0001 0.0000 0.0000 0.0122 0.5000 0.0909 0.0000 0.0417 0.0357 0.0001 0.0001 0.0001 0.0001 0.0001 0.0000 0.0286 0.0000 1.0000 0.0385 0.0167 0.0056 0.0008 0.0000 0.0000 0.0357 0.0022 0.0000 0.0001 0.0370 0.0003 1.0000 0.0001 1.0000 0.0132 0.0001 0.0001 0.0000 0.0001 0.0000 0.0217 0.0370 1.0000 1.0000 1.0000 0.0000 0.1000 0.5000 1.0000 0.0001 0.0001 0.0001 0.0000 0.0000 0.2000 0.0001 0.0000 0.0001 0.0001 0.0081 0.1000 0.1000 0.0001 0.2000 0.0385 0.0385 0.0002 0.0001 0.0385 0.0001 0.1000 0.1000 0.0001 0.1667 0.0008 0.0001 0.0154 0.0000 0.0079 0.0000 0.0000 0.0008 0.0000 0.0001 0.0044 0.0132 0.0000 0.0000 0.0009 0.0001 0.0001 0.0009 0.0333 0.0385 0.0009 0.2000 0.0000 
0.0000 0.0000 0.0076 0.1667 0.0625 0.0127 0.0030 0.0217 0.0137 0.2500 1.0000 0.0008 0.0051 0.0000 0.0000 0.0005 0.0025 0.0002 0.0068 0.0028 0.0048 0.0031 0.0012 0.0072 0.0278 0.0323 1.0000 0.0084 0.0047 0.0092 0.0022 0.0053 0.0024 0.0012 0.0028 0.0000 0.3333 0.0154 0.0000 0.0270 0.0009 0.0000 0.0001 1.0000 0.0270 0.0077 0.0046 0.0028 0.0000 0.0008 0.0012 0.0039 0.0004 0.0003 0.0370 0.0625 0.5000 0.0417 0.0385 0.0038 0.0004 0.0189 0.0031 0.0000 0.0002 0.0476 0.0217 0.0000 0.0094 0.0909 0.0455 0.0089 0.0103 0.0003 0.0013 0.0002 0.0097 0.0034 0.0061 0.2000 0.0149 0.0064 0.0286 0.2000 0.0079 0.0076 0.0222 1.0000 1.0000 0.0075 0.0014 0.0000 0.0085 0.0016 0.0104 0.3333 0.0185 0.0000 0.0000 0.0061 0.0074 0.0098 0.0036 0.0015 0.0057 0.2000 0.0000 0.0455 
0.0000 0.0000 0.0137 0.0667 0.0000 0.3333 0.0667 0.0250 0.1000 0.5000 0.0714 0.0008 0.0043 0.0051 0.0244 0.0006 0.0018 0.0000 0.0000 0.0016 0.0063 0.0000 0.0000 0.0076 0.0000 0.0250 0.0000 0.0045 0.0109 0.0135 0.0588 0.2000 0.0137 0.0015 0.0000 0.0000 0.1000 0.0041 0.0122 0.0357 0.0006 0.0000 1.0000 0.0270 1.0000 0.0050 0.0039 0.0029 0.0000 0.0182 0.0000 0.0051 0.0004 1.0000 0.0062 0.2500 0.0011 0.0182 0.0000 0.0026 0.0004 0.5000 0.0045 0.0000 0.0019 0.1000 0.0167 0.0000 0.0053 0.0270 0.2000 0.0137 0.1000 0.0000 1.0000 0.0073 1.0000 0.0000 0.0196 1.0000 0.0667 0.0014 0.0270 0.2000 0.0047 0.0050 1.0000 0.2000 0.0000 0.0278 0.0200 0.0000 0.0050 0.0000 0.5000 0.0068 0.0033 0.0270 0.0000 0.0045 0.0256 0.0769 0.0010 0.0056 0.0058 0.5000 0.0000 0.0313 
0.0000 0.0000 0.0013 0.0004 0.0175 0.5000 0.0192 0.0015 0.3333 0.0065 0.0014 0.0031 0.0021 0.0000 0.0000 0.0159 0.0070 0.0020 0.1667 0.0017 0.3333 0.0021 1.0000 0.0714 0.0020 0.1000 0.0385 0.0031 0.0006 0.3333 0.0012 0.0010 0.0108 0.0013 0.0000 0.0001 0.0227 0.0000 0.0099 0.0012 0.0030 0.0005 0.0132 0.0077 0.0050 1.0000 0.0031 0.0050 0.0003 0.2000 0.0067 0.0009 0.0400 0.5000 0.0068 0.1429 0.0270 0.3333 0.0043 0.0071 0.0035 0.0008 0.0015 0.0000 0.1000 0.5000 0.1000 0.0000 0.0065 0.5000 0.0012 0.1250 0.0090 0.1000 0.0014 0.0417 0.0009 0.0556 0.0037 1.0000 0.0026 0.0370 0.0042 0.0000 0.0400 0.5000 0.0030 0.0005 0.0005 0.0018 0.0012 0.0000 0.0031 0.0022 0.0021 0.0008 0.0049 0.1429 0.0000 0.0833 0.0011 0.0012 0.1667 0.2000 0.0333 1.0000 0.0001 0.0435 
0.0000 0.0000 0.0064 0.0192 0.0256 0.0135 0.0063 0.0119 0.0333 0.0417 0.0017 0.0013 0.0127 0.0001 0.0009 0.0081 0.0042 0.0003 0.1000 0.0022 0.0016 0.0500 0.0909 0.0032 0.0099 0.0048 0.5000 0.0208 0.0006 0.0083 0.0026 0.0051 0.0036 0.0009 0.0000 0.0001 0.0476 0.0067 0.0098 0.0027 0.0004 1.0000 0.0001 0.0046 0.0039 0.0031 1.0000 0.0073 0.0007 0.0007 0.0057 0.0064 0.0010 1.0000 0.0048 0.0667 0.0009 0.0147 1.0000 0.0027 0.0071 0.0179 0.0058 0.0000 0.0002 0.0370 0.0037 0.0000 0.0053 0.0278 0.0400 0.0037 0.0068 0.0016 0.0018 0.0003 0.0119 0.0034 0.0045 0.3333 0.0083 0.0021 0.0088 0.0385 0.2000 0.0127 0.0526 0.0006 0.0004 0.0244 0.0123 0.0000 0.0110 0.0098 0.0625 0.0009 0.0028 0.5000 0.0000 0.0102 0.0233 0.0086 0.0018 0.0011 0.0030 0.0025 0.0001 0.0115 
0.0000 0.0000 0.0050 0.0097 0.0050 0.0001 0.0045 0.0079 0.0051 0.0075 0.0122 0.0008 0.0042 0.0001 0.0010 0.0008 0.2000 0.0333 0.0000 0.0023 0.0040 0.0006 0.0010 0.0021 0.0094 0.0115 1.0000 0.0049 0.0006 0.0208 0.0046 0.0227 0.0090 0.0006 0.0000 0.0000 0.0088 0.0013 0.0000 0.0227 0.0004 0.0000 0.0001 0.0028 0.0029 0.0050 0.0073 1.0000 0.0000 0.0007 0.5000 0.0233 0.0032 0.1667 0.0000 0.5000 0.0004 0.0833 0.0385 0.0256 0.0005 0.0060 0.0036 0.0000 0.0002 0.0120 0.0009 0.0000 0.0039 0.0008 0.0049 0.0092 0.5000 0.1000 0.0476 0.1667 0.0043 0.5000 0.0049 0.0003 0.0033 0.0067 0.0063 0.0145 0.1000 0.0089 0.0833 0.5000 0.2000 0.0050 0.0016 0.0588 0.0051 0.0015 0.0122 0.0013 0.0034 0.0909 0.0000 0.0063 0.0081 0.0071 0.0018 0.0008 0.0189 0.0012 0.0000 0.0094 
0.0000 0.0000 0.0007 0.0004 0.0000 0.0000 0.0000 0.0008 0.0000 0.0000 0.0002 0.0003 0.0001 0.0000 0.0000 0.0005 0.0000 0.0000 0.0000 0.0002 0.0000 0.0000 0.0000 0.0000 0.0007 0.0000 0.0000 0.0000 0.0000 0.0000 0.0002 0.0002 0.0000 0.0000 0.0000 0.0002 0.0000 0.0000 0.0000 0.0002 0.0007 0.0000 0.0000 0.0000 0.0000 0.0003 0.0007 0.0000 1.0000 0.0006 0.0000 0.0002 0.0000 0.0000 0.0000 0.0000 0.0000 0.0000 0.0000 0.0000 0.0099 0.0002 0.0007 0.0000 0.0000 0.0000 0.0000 0.0000 0.0005 0.0000 0.0002 0.0000 0.0000 0.0000 0.0002 0.0000 0.0001 0.0000 0.0005 0.0000 0.0005 0.0005 0.0000 0.0000 0.0000 0.0000 0.0000 0.0002 0.0002 0.0008 0.0007 0.0000 0.0000 0.0000 0.0014 0.0000 0.0005 0.0000 0.0000 0.0000 0.0002 0.0002 0.0000 0.0000 0.0000 0.0000 0.0002 0.0000 
0.0000 0.0000 0.0008 0.0122 0.0110 0.0033 0.0006 0.0007 0.0003 0.0055 0.0027 0.0005 0.0065 0.0000 0.0009 0.0003 0.0015 0.0031 1.0000 0.0007 0.0006 0.2000 0.0019 0.0007 0.0030 0.0015 0.0000 0.0009 0.0370 0.0116 0.0062 0.0007 0.0006 0.0007 0.0082 0.0000 0.0357 0.0044 0.0098 0.0035 0.0007 0.0000 0.0001 0.0008 0.0182 0.2000 0.0007 0.0007 0.0006 1.0000 1.0000 0.0005 0.0004 0.0000 0.0179 0.0833 0.0263 0.0021 0.0000 0.0007 0.0003 0.0026 0.0008 0.0000 0.0008 0.0008 0.0034 0.0000 0.0133 0.0357 0.0039 0.0217 0.0526 0.1000 0.0132 0.0002 0.0030 0.0013 0.0057 0.1667 0.0006 0.0007 0.0192 0.0714 0.5000 0.0007 0.0048 0.0154 0.0122 0.0008 0.0007 0.0000 0.0008 0.0000 0.0025 0.5000 0.0008 0.1000 0.0000 0.0006 0.0556 0.0159 0.0007 0.0068 0.0022 0.0025 0.0000 0.0007 
0.0000 0.0000 0.0001 0.0000 0.0053 0.5000 0.0001 0.0001 0.0001 0.0000 0.0385 0.0000 0.0000 0.0000 0.0000 0.5000 0.0001 0.1000 0.0000 0.0000 0.0000 0.0001 0.1000 1.0000 0.0001 0.0000 0.0000 0.0714 0.0001 0.0833 0.0001 0.0086 0.0000 0.1000 0.0000 0.0000 0.0001 0.0000 0.0000 0.0001 0.0001 0.0000 0.0000 0.0012 0.0000 0.0067 0.0057 0.5000 0.0000 1.0000 1.0000 0.0001 0.0000 0.0000 0.0000 0.0001 0.0000 0.0000 0.1000 0.0001 0.0001 0.0001 0.0001 0.0000 0.0000 0.0000 0.0000 0.0000 0.0909 0.5000 0.0054 0.0001 0.0001 0.0000 0.0002 0.0000 0.0001 0.0000 0.0001 0.0000 0.0500 0.0001 0.0357 0.0000 0.0001 0.0000 0.0001 0.5000 0.0200 0.0526 0.0001 0.0000 0.0500 0.0001 0.0001 0.0000 0.0001 0.0001 0.0000 0.0000 0.0001 0.0001 0.0001 0.0000 0.0001 0.0000 0.0069 0.0001 
0.0000 0.0000 0.0029 0.0038 0.0303 0.0125 0.0045 0.0036 0.0106 0.0182 0.0009 0.0010 0.0078 0.0000 0.0000 0.0013 0.0019 0.0056 0.0200 0.0032 0.0028 0.0385 0.0011 0.0025 0.0270 0.0043 0.0000 0.0370 0.0052 0.0182 0.0036 0.0046 0.0035 0.0012 0.0082 0.0001 0.0024 0.0088 0.0099 0.0032 0.0006 0.0099 0.0217 0.0039 0.0051 0.0009 0.0064 0.0233 0.0002 0.0005 0.0001 1.0000 0.0030 0.0000 0.0196 0.0500 0.2000 0.0116 0.0385 0.0040 0.0007 0.0050 0.0041 0.0000 0.0002 0.0042 0.0083 0.0000 0.0043 0.0000 0.0147 0.0024 0.0132 0.0002 0.0003 0.0250 0.0066 0.0050 0.0030 0.0385 0.0036 0.0029 0.0032 0.5000 0.0270 0.0033 0.0345 0.0005 0.0003 0.0025 0.0015 0.0000 0.0189 0.0048 0.0233 0.0000 0.0143 0.0385 0.0000 0.0070 0.0500 0.0084 0.0017 0.0009 0.0036 0.0588 0.0001 0.0029 
